[[0, 0.132, 0.434, 0.388, 0.175, 0.56, 0.275, 0.431, 0.177, 0.188, 0.411, 0.073, 0.141, 0.078, 0.201, 0.11, 0.257, 0.137, 0.156, 0.432, 0.506, 0.229, 0.304, 0.161, 0.522, 0.0, 0.238, 0.128, 0.405, 0.515, 0.025, 0.569, 0.25, 0.166, 0.073, 0.054, 0.542, 0.081, 0.244, 0.06, 0.135, 0.469, 0.31, 0.19, 0.464, 0.156, 0.321, 0.434, 0.614, 0.478, 0.149, 0.099, 0.477, 0.533, 0.0, 0.253, 0.601, 0.533, 0.472, 0.392, 0.479, 0.187, 0.253, 0.331, 0.0, 0.179, 0.461, 0.091], [0.132, 0, 0.389, 0.053, 0.25, 0.114, 0.404, 0.078, 0.112, 0.504, 0.32, 0.583, 0.558, 0.075, 0.381, 0.475, 0.334, 0.367, 0.593, 0.372, 0.137, 0.417, 0.433, 0.229, 0.041, 0.333, 0.287, 0.304, 0.367, 0.363, 0.144, 0.315, 0.527, 0.0, 0.231, 0.34, 0.332, 0.514, 0.216, 0.386, 0.379, 0.329, 0.059, 0.361, 0.341, 0.394, 0.102, 0.334, 0.083, 0.139, 0.236, 0.063, 0.094, 0.356, 0.0, 0.58, 0.312, 0.355, 0.322, 0.103, 0.333, 0.493, 0.064, 0.38, 0.25, 0.437, 0.36, 0.43], [0.434, 0.389, 0, 0.337, 0.286, 0.497, 0.5, 0.354, 0.23, 0.45, 0.6, 0.389, 0.528, 0.061, 0.478, 0.477, 0.58, 0.504, 0.546, 0.549, 0.316, 0.465, 0.773, 0.236, 0.273, 0.137, 0.372, 0.339, 0.581, 0.694, 0.119, 0.72, 0.572, 0.13, 0.381, 0.294, 0.552, 0.413, 0.465, 0.458, 0.563, 0.508, 0.194, 0.462, 0.591, 0.562, 0.251, 0.649, 0.33, 0.343, 0.301, 0.104, 0.435, 0.644, 0.04, 0.663, 0.735, 0.654, 0.671, 0.264, 0.666, 0.373, 0.198, 0.592, 0.275, 0.514, 0.62, 0.248], [0.388, 0.053, 0.337, 0, 0.105, 0.417, 0.064, 0.167, 0.354, 0.12, 0.202, 0.026, 0.098, 0.0, 0.063, 0.054, 0.185, 0.058, 0.113, 0.158, 0.373, 0.049, 0.251, 0.036, 0.137, 0.0, 0.078, 0.087, 0.101, 0.23, 0.046, 0.299, 0.217, 0.239, 0.044, 0.0, 0.146, 0.024, 0.063, 0.086, 0.051, 0.299, 0.168, 0.108, 0.178, 0.109, 0.193, 0.178, 0.3, 0.175, 0.045, 0.12, 0.627, 0.205, 0.0, 0.236, 0.322, 0.228, 0.231, 0.177, 0.259, 0.182, 0.061, 0.146, 0.0, 0.031, 0.203, 0.041], [0.175, 0.25, 0.286, 0.105, 0, 0.255, 0.236, 0.215, 0.075, 0.315, 0.308, 0.306, 0.31, 0.0, 0.498, 0.38, 0.237, 0.321, 0.297, 0.244, 0.157, 0.521, 0.337, 0.306, 0.021, 0.0, 0.636, 0.274, 0.261, 0.303, 0.385, 0.297, 0.246, 0.063, 0.208, 0.238, 0.261, 0.283, 0.348, 0.295, 0.257, 0.219, 0.059, 0.228, 0.306, 0.263, 0.203, 0.313, 0.15, 0.169, 0.401, 0.252, 0.226, 0.302, 0.096, 0.282, 0.303, 0.303, 0.293, 0.248, 0.303, 0.274, 0.064, 0.249, 0.167, 0.437, 0.258, 0.086], [0.56, 0.114, 0.497, 0.417, 0.255, 0, 0.275, 0.408, 0.171, 0.247, 0.52, 0.099, 0.201, 0.038, 0.313, 0.252, 0.377, 0.304, 0.273, 0.393, 0.472, 0.311, 0.436, 0.117, 0.348, 0.043, 0.346, 0.233, 0.454, 0.5, 0.098, 0.589, 0.323, 0.097, 0.177, 0.122, 0.496, 0.144, 0.313, 0.22, 0.325, 0.462, 0.15, 0.213, 0.516, 0.294, 0.221, 0.469, 0.511, 0.417, 0.217, 0.161, 0.453, 0.512, 0.049, 0.339, 0.601, 0.512, 0.563, 0.232, 0.516, 0.224, 0.279, 0.346, 0.085, 0.347, 0.488, 0.132], [0.275, 0.404, 0.5, 0.064, 0.236, 0.275, 0, 0.225, 0.045, 0.484, 0.488, 0.471, 0.451, 0.181, 0.472, 0.495, 0.524, 0.491, 0.396, 0.567, 0.238, 0.516, 0.569, 0.232, 0.1, 0.101, 0.274, 0.314, 0.574, 0.575, 0.117, 0.53, 0.405, 0.0, 0.35, 0.268, 0.51, 0.39, 0.432, 0.33, 0.516, 0.556, 0.054, 0.437, 0.513, 0.597, 0.185, 0.519, 0.293, 0.336, 0.257, 0.153, 0.114, 0.536, 0.117, 0.432, 0.519, 0.557, 0.532, 0.175, 0.539, 0.415, 0.214, 0.626, 0.227, 0.54, 0.572, 0.261], [0.431, 0.078, 0.354, 0.167, 0.215, 0.408, 0.225, 0, 0.131, 0.177, 0.424, 0.098, 0.131, 0.052, 0.221, 0.173, 0.284, 0.118, 0.167, 0.279, 0.248, 0.268, 0.287, 0.215, 0.232, 0.0, 0.303, 0.128, 0.324, 0.453, 0.101, 0.399, 0.21, 0.088, 0.114, 0.0, 0.366, 0.09, 0.338, 0.08, 0.142, 0.414, 0.29, 0.173, 0.396, 0.219, 0.303, 0.396, 0.363, 0.379, 0.149, 0.177, 0.252, 0.447, 0.068, 0.175, 0.432, 0.469, 0.432, 0.29, 0.419, 0.212, 0.135, 0.233, 0.0, 0.205, 0.355, 0.06], [0.177, 0.112, 0.23, 0.354, 0.075, 0.171, 0.045, 0.131, 0, 0.225, 0.127, 0.037, 0.083, 0.0, 0.111, 0.051, 0.168, 0.041, 0.08, 0.138, 0.184, 0.093, 0.194, 0.051, 0.139, 0.0, 0.193, 0.041, 0.079, 0.203, 0.0, 0.206, 0.212, 0.169, 0.0, 0.0, 0.095, 0.035, 0.133, 0.0, 0.054, 0.129, 0.158, 0.127, 0.095, 0.11, 0.17, 0.168, 0.089, 0.145, 0.032, 0.085, 0.354, 0.174, 0.0, 0.111, 0.215, 0.168, 0.144, 0.055, 0.203, 0.147, 0.086, 0.143, 0.0, 0.065, 0.166, 0.058], [0.188, 0.504, 0.45, 0.12, 0.315, 0.247, 0.484, 0.177, 0.225, 0, 0.43, 0.462, 0.484, 0.225, 0.501, 0.517, 0.369, 0.404, 0.478, 0.388, 0.178, 0.499, 0.564, 0.173, 0.109, 0.063, 0.372, 0.299, 0.34, 0.419, 0.218, 0.402, 0.465, 0.0, 0.349, 0.36, 0.367, 0.467, 0.376, 0.343, 0.368, 0.383, 0.111, 0.459, 0.418, 0.472, 0.211, 0.41, 0.164, 0.198, 0.249, 0.048, 0.228, 0.399, 0.218, 0.514, 0.398, 0.394, 0.413, 0.156, 0.428, 0.518, 0.048, 0.413, 0.252, 0.526, 0.382, 0.358], [0.411, 0.32, 0.6, 0.202, 0.308, 0.52, 0.488, 0.424, 0.127, 0.43, 0, 0.32, 0.467, 0.127, 0.566, 0.494, 0.612, 0.58, 0.388, 0.618, 0.335, 0.474, 0.646, 0.196, 0.309, 0.142, 0.446, 0.285, 0.636, 0.714, 0.185, 0.719, 0.405, 0.081, 0.345, 0.305, 0.596, 0.351, 0.601, 0.426, 0.588, 0.648, 0.126, 0.381, 0.617, 0.448, 0.184, 0.681, 0.426, 0.48, 0.281, 0.054, 0.249, 0.667, 0.123, 0.453, 0.727, 0.69, 0.744, 0.247, 0.698, 0.339, 0.287, 0.638, 0.249, 0.566, 0.656, 0.165], [0.073, 0.583, 0.389, 0.026, 0.306, 0.099, 0.471, 0.098, 0.037, 0.462, 0.32, 0, 0.579, 0.075, 0.398, 0.665, 0.293, 0.443, 0.475, 0.359, 0.137, 0.434, 0.409, 0.306, 0.041, 0.083, 0.308, 0.274, 0.367, 0.353, 0.192, 0.324, 0.387, 0.0, 0.393, 0.374, 0.32, 0.591, 0.315, 0.408, 0.46, 0.342, 0.029, 0.418, 0.388, 0.493, 0.051, 0.334, 0.1, 0.062, 0.259, 0.063, 0.019, 0.334, 0.0, 0.498, 0.321, 0.344, 0.351, 0.062, 0.313, 0.384, 0.032, 0.368, 0.333, 0.567, 0.371, 0.387], [0.141, 0.558, 0.528, 0.098, 0.31, 0.201, 0.451, 0.131, 0.083, 0.484, 0.467, 0.579, 0, 0.055, 0.481, 0.58, 0.436, 0.569, 0.53, 0.401, 0.132, 0.466, 0.546, 0.285, 0.123, 0.062, 0.336, 0.43, 0.423, 0.42, 0.143, 0.402, 0.379, 0.0, 0.378, 0.456, 0.379, 0.651, 0.383, 0.557, 0.594, 0.367, 0.088, 0.495, 0.437, 0.611, 0.076, 0.466, 0.136, 0.138, 0.333, 0.094, 0.14, 0.369, 0.0, 0.592, 0.405, 0.388, 0.406, 0.138, 0.451, 0.347, 0.119, 0.486, 0.372, 0.554, 0.393, 0.448], [0.078, 0.075, 0.061, 0.0, 0.0, 0.038, 0.181, 0.052, 0.0, 0.225, 0.127, 0.075, 0.055, 0, 0.178, 0.153, 0.037, 0.123, 0.053, 0.138, 0.053, 0.093, 0.129, 0.0, 0.055, 0.0, 0.0, 0.082, 0.127, 0.135, 0.0, 0.121, 0.094, 0.0, 0.062, 0.091, 0.095, 0.138, 0.089, 0.061, 0.145, 0.184, 0.0, 0.204, 0.126, 0.088, 0.0, 0.14, 0.045, 0.165, 0.063, 0.0, 0.051, 0.145, 0.516, 0.089, 0.12, 0.14, 0.131, 0.0, 0.136, 0.147, 0.086, 0.127, 0.112, 0.174, 0.151, 0.115], [0.201, 0.381, 0.478, 0.063, 0.498, 0.313, 0.472, 0.221, 0.111, 0.501, 0.566, 0.398, 0.481, 0.178, 0, 0.601, 0.516, 0.648, 0.437, 0.39, 0.141, 0.716, 0.574, 0.32, 0.086, 0.0, 0.637, 0.345, 0.481, 0.482, 0.259, 0.5, 0.367, 0.038, 0.428, 0.386, 0.382, 0.491, 0.446, 0.46, 0.597, 0.393, 0.053, 0.442, 0.561, 0.451, 0.167, 0.548, 0.169, 0.258, 0.408, 0.15, 0.203, 0.431, 0.172, 0.475, 0.506, 0.455, 0.512, 0.247, 0.513, 0.36, 0.172, 0.496, 0.323, 0.735, 0.436, 0.257], [0.11, 0.475, 0.477, 0.054, 0.38, 0.252, 0.495, 0.173, 0.051, 0.517, 0.494, 0.665, 0.58, 0.153, 0.601, 0, 0.496, 0.616, 0.46, 0.421, 0.148, 0.57, 0.567, 0.314, 0.085, 0.057, 0.435, 0.354, 0.494, 0.455, 0.263, 0.45, 0.48, 0.0, 0.49, 0.465, 0.397, 0.545, 0.465, 0.465, 0.601, 0.45, 0.02, 0.442, 0.506, 0.561, 0.087, 0.485, 0.148, 0.169, 0.322, 0.086, 0.077, 0.428, 0.132, 0.533, 0.458, 0.45, 0.487, 0.141, 0.456, 0.431, 0.066, 0.528, 0.37, 0.742, 0.492, 0.324], [0.257, 0.334, 0.58, 0.185, 0.237, 0.377, 0.524, 0.284, 0.168, 0.369, 0.612, 0.293, 0.436, 0.037, 0.516, 0.496, 0, 0.491, 0.367, 0.489, 0.197, 0.497, 0.622, 0.153, 0.176, 0.167, 0.381, 0.229, 0.63, 0.623, 0.072, 0.615, 0.432, 0.032, 0.441, 0.239, 0.469, 0.323, 0.433, 0.353, 0.522, 0.557, 0.074, 0.314, 0.513, 0.478, 0.102, 0.644, 0.259, 0.433, 0.166, 0.063, 0.218, 0.573, 0.0, 0.433, 0.622, 0.602, 0.646, 0.197, 0.654, 0.33, 0.241, 0.638, 0.251, 0.504, 0.615, 0.108], [0.137, 0.367, 0.504, 0.058, 0.321, 0.304, 0.491, 0.118, 0.041, 0.404, 0.58, 0.443, 0.569, 0.123, 0.648, 0.616, 0.491, 0, 0.468, 0.395, 0.108, 0.526, 0.628, 0.315, 0.114, 0.046, 0.451, 0.318, 0.508, 0.488, 0.212, 0.525, 0.358, 0.0, 0.394, 0.393, 0.365, 0.523, 0.483, 0.536, 0.818, 0.354, 0.097, 0.533, 0.569, 0.56, 0.07, 0.528, 0.147, 0.229, 0.467, 0.035, 0.114, 0.385, 0.159, 0.538, 0.52, 0.413, 0.553, 0.159, 0.528, 0.271, 0.141, 0.555, 0.367, 0.677, 0.433, 0.26], [0.156, 0.593, 0.546, 0.113, 0.297, 0.273, 0.396, 0.167, 0.08, 0.478, 0.388, 0.475, 0.53, 0.053, 0.437, 0.46, 0.367, 0.468, 0, 0.301, 0.112, 0.47, 0.6, 0.245, 0.044, 0.237, 0.394, 0.368, 0.388, 0.388, 0.137, 0.424, 0.513, 0.0, 0.379, 0.388, 0.312, 0.513, 0.248, 0.581, 0.462, 0.293, 0.084, 0.338, 0.427, 0.386, 0.09, 0.431, 0.095, 0.154, 0.403, 0.09, 0.175, 0.338, 0.069, 0.673, 0.426, 0.357, 0.396, 0.118, 0.403, 0.332, 0.046, 0.397, 0.386, 0.553, 0.352, 0.398], [0.432, 0.372, 0.549, 0.158, 0.244, 0.393, 0.567, 0.279, 0.138, 0.388, 0.618, 0.359, 0.401, 0.138, 0.39, 0.421, 0.489, 0.395, 0.301, 0, 0.399, 0.417, 0.522, 0.159, 0.286, 0.154, 0.303, 0.267, 0.694, 0.736, 0.067, 0.686, 0.405, 0.116, 0.277, 0.267, 0.667, 0.356, 0.429, 0.283, 0.431, 0.689, 0.19, 0.412, 0.51, 0.47, 0.246, 0.66, 0.469, 0.476, 0.174, 0.029, 0.296, 0.791, 0.089, 0.398, 0.684, 0.785, 0.653, 0.219, 0.7, 0.392, 0.252, 0.68, 0.212, 0.441, 0.762, 0.218], [0.506, 0.137, 0.316, 0.373, 0.157, 0.472, 0.238, 0.248, 0.184, 0.178, 0.335, 0.137, 0.132, 0.053, 0.141, 0.148, 0.197, 0.108, 0.112, 0.399, 0, 0.197, 0.255, 0.081, 0.365, 0.0, 0.174, 0.129, 0.343, 0.378, 0.034, 0.452, 0.273, 0.178, 0.114, 0.072, 0.486, 0.109, 0.223, 0.064, 0.124, 0.387, 0.167, 0.161, 0.366, 0.163, 0.306, 0.332, 0.589, 0.251, 0.05, 0.178, 0.334, 0.404, 0.0, 0.258, 0.454, 0.399, 0.393, 0.146, 0.379, 0.232, 0.204, 0.269, 0.029, 0.16, 0.413, 0.091], [0.229, 0.417, 0.465, 0.049, 0.521, 0.311, 0.516, 0.268, 0.093, 0.499, 0.474, 0.434, 0.466, 0.093, 0.716, 0.57, 0.497, 0.526, 0.47, 0.417, 0.197, 0, 0.557, 0.287, 0.116, 0.0, 0.667, 0.362, 0.459, 0.486, 0.241, 0.474, 0.44, 0.0, 0.448, 0.362, 0.459, 0.483, 0.384, 0.426, 0.499, 0.42, 0.092, 0.38, 0.507, 0.493, 0.223, 0.542, 0.219, 0.299, 0.354, 0.158, 0.189, 0.465, 0.06, 0.488, 0.486, 0.496, 0.5, 0.284, 0.518, 0.36, 0.201, 0.483, 0.287, 0.618, 0.464, 0.269], [0.304, 0.433, 0.773, 0.251, 0.337, 0.436, 0.569, 0.287, 0.194, 0.564, 0.646, 0.409, 0.546, 0.129, 0.574, 0.567, 0.622, 0.628, 0.6, 0.522, 0.255, 0.557, 0, 0.232, 0.17, 0.144, 0.444, 0.356, 0.595, 0.664, 0.167, 0.687, 0.571, 0.082, 0.46, 0.309, 0.528, 0.434, 0.524, 0.521, 0.638, 0.552, 0.204, 0.485, 0.58, 0.576, 0.253, 0.664, 0.267, 0.3, 0.367, 0.136, 0.351, 0.588, 0.125, 0.682, 0.695, 0.628, 0.672, 0.197, 0.687, 0.38, 0.153, 0.668, 0.289, 0.645, 0.623, 0.28], [0.161, 0.229, 0.236, 0.036, 0.306, 0.117, 0.232, 0.215, 0.051, 0.173, 0.196, 0.306, 0.285, 0.0, 0.32, 0.314, 0.153, 0.315, 0.245, 0.159, 0.081, 0.287, 0.232, 0, 0.057, 0.0, 0.339, 0.084, 0.179, 0.194, 0.331, 0.186, 0.169, 0.0, 0.032, 0.047, 0.13, 0.283, 0.228, 0.156, 0.261, 0.17, 0.162, 0.235, 0.259, 0.271, 0.175, 0.201, 0.138, 0.085, 0.454, 0.173, 0.156, 0.193, 0.0, 0.228, 0.196, 0.187, 0.161, 0.171, 0.167, 0.113, 0.0, 0.196, 0.0, 0.267, 0.186, 0.118], [0.522, 0.041, 0.273, 0.137, 0.021, 0.348, 0.1, 0.232, 0.139, 0.109, 0.309, 0.041, 0.123, 0.055, 0.086, 0.085, 0.176, 0.114, 0.044, 0.286, 0.365, 0.116, 0.17, 0.057, 0, 0.0, 0.198, 0.045, 0.326, 0.323, 0.0, 0.423, 0.131, 0.047, 0.017, 0.076, 0.388, 0.096, 0.21, 0.051, 0.121, 0.265, 0.153, 0.155, 0.359, 0.134, 0.151, 0.35, 0.471, 0.355, 0.088, 0.047, 0.253, 0.337, 0.0, 0.136, 0.432, 0.342, 0.363, 0.108, 0.323, 0.061, 0.263, 0.23, 0.031, 0.06, 0.309, 0.096], [0.0, 0.333, 0.137, 0.0, 0.0, 0.043, 0.101, 0.0, 0.0, 0.063, 0.142, 0.083, 0.062, 0.0, 0.0, 0.057, 0.167, 0.046, 0.237, 0.154, 0.0, 0.0, 0.144, 0.0, 0.0, 0, 0.0, 0.091, 0.142, 0.121, 0.0, 0.108, 0.211, 0.0, 0.0, 0.102, 0.142, 0.077, 0.05, 0.204, 0.081, 0.164, 0.0, 0.057, 0.106, 0.049, 0.0, 0.125, 0.0, 0.139, 0.0, 0.0, 0.0, 0.129, 0.0, 0.199, 0.107, 0.125, 0.088, 0.0, 0.121, 0.329, 0.0, 0.142, 0.125, 0.049, 0.135, 0.129], [0.238, 0.287, 0.372, 0.078, 0.636, 0.346, 0.274, 0.303, 0.193, 0.372, 0.446, 0.308, 0.336, 0.0, 0.637, 0.435, 0.381, 0.451, 0.394, 0.303, 0.174, 0.667, 0.444, 0.339, 0.198, 0.0, 0, 0.315, 0.367, 0.402, 0.284, 0.393, 0.298, 0.0, 0.324, 0.327, 0.306, 0.342, 0.429, 0.369, 0.389, 0.334, 0.109, 0.281, 0.46, 0.352, 0.206, 0.401, 0.222, 0.228, 0.348, 0.14, 0.265, 0.39, 0.071, 0.392, 0.415, 0.401, 0.396, 0.183, 0.41, 0.283, 0.118, 0.36, 0.246, 0.526, 0.382, 0.095], [0.128, 0.304, 0.339, 0.087, 0.274, 0.233, 0.314, 0.128, 0.041, 0.299, 0.285, 0.274, 0.43, 0.082, 0.345, 0.354, 0.229, 0.318, 0.368, 0.267, 0.129, 0.362, 0.356, 0.084, 0.045, 0.091, 0.315, 0, 0.298, 0.276, 0.0, 0.257, 0.269, 0.138, 0.253, 0.596, 0.272, 0.451, 0.254, 0.571, 0.311, 0.27, 0.097, 0.416, 0.335, 0.378, 0.223, 0.309, 0.073, 0.135, 0.258, 0.207, 0.145, 0.248, 0.0, 0.382, 0.264, 0.263, 0.278, 0.136, 0.31, 0.39, 0.07, 0.273, 0.456, 0.355, 0.283, 0.377], [0.405, 0.367, 0.581, 0.101, 0.261, 0.454, 0.574, 0.324, 0.079, 0.34, 0.636, 0.367, 0.423, 0.127, 0.481, 0.494, 0.63, 0.508, 0.388, 0.694, 0.343, 0.459, 0.595, 0.179, 0.326, 0.142, 0.367, 0.298, 0, 0.77, 0.062, 0.753, 0.434, 0.081, 0.434, 0.29, 0.702, 0.362, 0.509, 0.387, 0.553, 0.631, 0.138, 0.397, 0.622, 0.483, 0.26, 0.743, 0.469, 0.519, 0.231, 0.107, 0.241, 0.772, 0.082, 0.445, 0.742, 0.792, 0.769, 0.22, 0.737, 0.35, 0.246, 0.775, 0.249, 0.497, 0.834, 0.183], [0.515, 0.363, 0.694, 0.23, 0.303, 0.5, 0.575, 0.453, 0.203, 0.419, 0.714, 0.353, 0.42, 0.135, 0.482, 0.455, 0.623, 0.488, 0.388, 0.736, 0.378, 0.486, 0.664, 0.194, 0.323, 0.121, 0.402, 0.276, 0.77, 0, 0.07, 0.851, 0.466, 0.137, 0.386, 0.247, 0.735, 0.346, 0.548, 0.354, 0.569, 0.662, 0.203, 0.448, 0.653, 0.519, 0.323, 0.796, 0.46, 0.56, 0.257, 0.137, 0.356, 0.865, 0.07, 0.47, 0.859, 0.879, 0.839, 0.33, 0.851, 0.358, 0.291, 0.763, 0.227, 0.517, 0.828, 0.188], [0.025, 0.144, 0.119, 0.046, 0.385, 0.098, 0.117, 0.101, 0.0, 0.218, 0.185, 0.192, 0.143, 0.0, 0.259, 0.263, 0.072, 0.212, 0.137, 0.067, 0.034, 0.241, 0.167, 0.331, 0.0, 0.0, 0.284, 0.0, 0.062, 0.07, 0, 0.172, 0.091, 0.109, 0.04, 0.059, 0.103, 0.178, 0.23, 0.079, 0.164, 0.071, 0.153, 0.132, 0.204, 0.142, 0.088, 0.127, 0.087, 0.027, 0.204, 0.0, 0.0, 0.056, 0.167, 0.115, 0.155, 0.054, 0.135, 0.251, 0.123, 0.142, 0.0, 0.082, 0.0, 0.224, 0.058, 0.0], [0.569, 0.315, 0.72, 0.299, 0.297, 0.589, 0.53, 0.399, 0.206, 0.402, 0.719, 0.324, 0.402, 0.121, 0.5, 0.45, 0.615, 0.525, 0.424, 0.686, 0.452, 0.474, 0.687, 0.186, 0.423, 0.108, 0.393, 0.257, 0.753, 0.851, 0.172, 0, 0.473, 0.143, 0.375, 0.243, 0.753, 0.334, 0.517, 0.346, 0.601, 0.627, 0.249, 0.425, 0.709, 0.506, 0.322, 0.823, 0.535, 0.56, 0.314, 0.123, 0.404, 0.801, 0.094, 0.506, 0.961, 0.83, 0.889, 0.335, 0.843, 0.32, 0.271, 0.74, 0.189, 0.525, 0.784, 0.195], [0.25, 0.527, 0.572, 0.217, 0.246, 0.323, 0.405, 0.21, 0.212, 0.465, 0.405, 0.387, 0.379, 0.094, 0.367, 0.48, 0.432, 0.358, 0.513, 0.405, 0.273, 0.44, 0.571, 0.169, 0.131, 0.211, 0.298, 0.269, 0.434, 0.466, 0.091, 0.473, 0, 0.08, 0.278, 0.172, 0.405, 0.26, 0.304, 0.43, 0.419, 0.425, 0.112, 0.324, 0.416, 0.426, 0.193, 0.442, 0.285, 0.224, 0.253, 0.12, 0.275, 0.443, 0.0, 0.587, 0.48, 0.469, 0.475, 0.131, 0.441, 0.485, 0.041, 0.458, 0.158, 0.481, 0.434, 0.327], [0.166, 0.0, 0.13, 0.239, 0.063, 0.097, 0.0, 0.088, 0.169, 0.0, 0.081, 0.0, 0.0, 0.0, 0.038, 0.0, 0.032, 0.0, 0.0, 0.116, 0.178, 0.0, 0.082, 0.0, 0.047, 0.0, 0.0, 0.138, 0.081, 0.137, 0.109, 0.143, 0.08, 0, 0.052, 0.0, 0.161, 0.0, 0.0, 0.103, 0.0, 0.062, 0.267, 0.129, 0.133, 0.037, 0.173, 0.166, 0.151, 0.175, 0.0, 0.143, 0.171, 0.147, 0.0, 0.038, 0.142, 0.118, 0.111, 0.234, 0.138, 0.186, 0.0, 0.0, 0.0, 0.0, 0.102, 0.0], [0.073, 0.231, 0.381, 0.044, 0.208, 0.177, 0.35, 0.114, 0.0, 0.349, 0.345, 0.393, 0.378, 0.062, 0.428, 0.49, 0.441, 0.394, 0.379, 0.277, 0.114, 0.448, 0.46, 0.032, 0.017, 0.0, 0.324, 0.253, 0.434, 0.386, 0.04, 0.375, 0.278, 0.052, 0, 0.34, 0.355, 0.342, 0.29, 0.453, 0.427, 0.296, 0.074, 0.316, 0.381, 0.369, 0.063, 0.443, 0.069, 0.103, 0.078, 0.0, 0.094, 0.332, 0.0, 0.428, 0.379, 0.365, 0.422, 0.052, 0.395, 0.319, 0.08, 0.425, 0.381, 0.485, 0.402, 0.107], [0.054, 0.34, 0.294, 0.0, 0.238, 0.122, 0.268, 0.0, 0.0, 0.36, 0.305, 0.374, 0.456, 0.091, 0.386, 0.465, 0.239, 0.393, 0.388, 0.267, 0.072, 0.362, 0.309, 0.047, 0.076, 0.102, 0.327, 0.596, 0.29, 0.247, 0.059, 0.243, 0.172, 0.0, 0.34, 0, 0.247, 0.504, 0.223, 0.556, 0.331, 0.218, 0.036, 0.442, 0.346, 0.362, 0.031, 0.256, 0.041, 0.057, 0.173, 0.0, 0.023, 0.238, 0.0, 0.345, 0.251, 0.256, 0.227, 0.076, 0.26, 0.268, 0.079, 0.305, 0.612, 0.416, 0.248, 0.369], [0.542, 0.332, 0.552, 0.146, 0.261, 0.496, 0.51, 0.366, 0.095, 0.367, 0.596, 0.32, 0.379, 0.095, 0.382, 0.397, 0.469, 0.365, 0.312, 0.667, 0.486, 0.459, 0.528, 0.13, 0.388, 0.142, 0.306, 0.272, 0.702, 0.735, 0.103, 0.753, 0.405, 0.161, 0.355, 0.247, 0, 0.329, 0.474, 0.28, 0.438, 0.584, 0.188, 0.373, 0.571, 0.483, 0.325, 0.685, 0.59, 0.486, 0.191, 0.161, 0.274, 0.74, 0.041, 0.361, 0.753, 0.739, 0.719, 0.282, 0.694, 0.35, 0.328, 0.648, 0.195, 0.407, 0.738, 0.202], [0.081, 0.514, 0.413, 0.024, 0.283, 0.144, 0.39, 0.09, 0.035, 0.467, 0.351, 0.591, 0.651, 0.138, 0.491, 0.545, 0.323, 0.523, 0.513, 0.356, 0.109, 0.483, 0.434, 0.283, 0.096, 0.077, 0.342, 0.451, 0.362, 0.346, 0.178, 0.334, 0.26, 0.0, 0.342, 0.504, 0.329, 0, 0.292, 0.462, 0.501, 0.292, 0.109, 0.475, 0.414, 0.487, 0.047, 0.387, 0.108, 0.128, 0.306, 0.058, 0.087, 0.329, 0.089, 0.491, 0.322, 0.348, 0.343, 0.153, 0.365, 0.33, 0.089, 0.374, 0.424, 0.525, 0.354, 0.518], [0.244, 0.216, 0.465, 0.063, 0.348, 0.313, 0.432, 0.338, 0.133, 0.376, 0.601, 0.315, 0.383, 0.089, 0.446, 0.465, 0.433, 0.483, 0.248, 0.429, 0.223, 0.384, 0.524, 0.228, 0.21, 0.05, 0.429, 0.254, 0.509, 0.548, 0.23, 0.517, 0.304, 0.0, 0.29, 0.223, 0.474, 0.292, 0, 0.271, 0.517, 0.45, 0.053, 0.34, 0.428, 0.431, 0.152, 0.48, 0.269, 0.221, 0.253, 0.15, 0.158, 0.502, 0.172, 0.267, 0.511, 0.511, 0.547, 0.136, 0.495, 0.278, 0.115, 0.539, 0.199, 0.445, 0.517, 0.077], [0.06, 0.386, 0.458, 0.086, 0.295, 0.22, 0.33, 0.08, 0.0, 0.343, 0.426, 0.408, 0.557, 0.061, 0.46, 0.465, 0.353, 0.536, 0.581, 0.283, 0.064, 0.426, 0.521, 0.156, 0.051, 0.204, 0.369, 0.571, 0.387, 0.354, 0.079, 0.346, 0.43, 0.103, 0.453, 0.556, 0.28, 0.462, 0.271, 0, 0.541, 0.28, 0.096, 0.388, 0.413, 0.429, 0.125, 0.409, 0.095, 0.138, 0.366, 0.154, 0.092, 0.282, 0.0, 0.596, 0.342, 0.315, 0.374, 0.135, 0.396, 0.336, 0.052, 0.388, 0.544, 0.502, 0.339, 0.246], [0.135, 0.379, 0.563, 0.051, 0.257, 0.325, 0.516, 0.142, 0.054, 0.368, 0.588, 0.46, 0.594, 0.145, 0.597, 0.601, 0.522, 0.818, 0.462, 0.431, 0.124, 0.499, 0.638, 0.261, 0.121, 0.081, 0.389, 0.311, 0.553, 0.569, 0.164, 0.601, 0.419, 0.0, 0.427, 0.331, 0.438, 0.501, 0.517, 0.541, 0, 0.387, 0.1, 0.508, 0.589, 0.639, 0.062, 0.62, 0.162, 0.247, 0.447, 0.123, 0.138, 0.456, 0.14, 0.533, 0.59, 0.483, 0.622, 0.191, 0.595, 0.28, 0.14, 0.624, 0.324, 0.654, 0.503, 0.251], [0.469, 0.329, 0.508, 0.299, 0.219, 0.462, 0.556, 0.414, 0.129, 0.383, 0.648, 0.342, 0.367, 0.184, 0.393, 0.45, 0.557, 0.354, 0.293, 0.689, 0.387, 0.42, 0.552, 0.17, 0.265, 0.164, 0.334, 0.27, 0.631, 0.662, 0.071, 0.627, 0.425, 0.062, 0.296, 0.218, 0.584, 0.292, 0.45, 0.28, 0.387, 0, 0.16, 0.375, 0.504, 0.437, 0.288, 0.602, 0.477, 0.494, 0.139, 0.062, 0.354, 0.686, 0.095, 0.425, 0.647, 0.705, 0.64, 0.214, 0.668, 0.432, 0.221, 0.615, 0.185, 0.439, 0.704, 0.149], [0.31, 0.059, 0.194, 0.168, 0.059, 0.15, 0.054, 0.29, 0.158, 0.111, 0.126, 0.029, 0.088, 0.0, 0.053, 0.02, 0.074, 0.097, 0.084, 0.19, 0.167, 0.092, 0.204, 0.162, 0.153, 0.0, 0.109, 0.097, 0.138, 0.203, 0.153, 0.249, 0.112, 0.267, 0.074, 0.036, 0.188, 0.109, 0.053, 0.096, 0.1, 0.16, 0, 0.242, 0.324, 0.139, 0.539, 0.266, 0.23, 0.261, 0.075, 0.2, 0.2, 0.206, 0.0, 0.176, 0.227, 0.199, 0.186, 0.417, 0.236, 0.174, 0.0, 0.063, 0.0, 0.069, 0.179, 0.046], [0.19, 0.361, 0.462, 0.108, 0.228, 0.213, 0.437, 0.173, 0.127, 0.459, 0.381, 0.418, 0.495, 0.204, 0.442, 0.442, 0.314, 0.533, 0.338, 0.412, 0.161, 0.38, 0.485, 0.235, 0.155, 0.057, 0.281, 0.416, 0.397, 0.448, 0.132, 0.425, 0.324, 0.129, 0.316, 0.442, 0.373, 0.475, 0.34, 0.388, 0.508, 0.375, 0.242, 0, 0.466, 0.573, 0.243, 0.471, 0.137, 0.232, 0.306, 0.0, 0.219, 0.413, 0.132, 0.499, 0.439, 0.428, 0.427, 0.184, 0.47, 0.356, 0.11, 0.414, 0.342, 0.454, 0.415, 0.353], [0.464, 0.341, 0.591, 0.178, 0.306, 0.516, 0.513, 0.396, 0.095, 0.418, 0.617, 0.388, 0.437, 0.126, 0.561, 0.506, 0.513, 0.569, 0.427, 0.51, 0.366, 0.507, 0.58, 0.259, 0.359, 0.106, 0.46, 0.335, 0.622, 0.653, 0.204, 0.709, 0.416, 0.133, 0.381, 0.346, 0.571, 0.414, 0.428, 0.413, 0.589, 0.504, 0.324, 0.466, 0, 0.514, 0.355, 0.663, 0.416, 0.535, 0.359, 0.08, 0.28, 0.616, 0.122, 0.505, 0.706, 0.636, 0.693, 0.446, 0.663, 0.348, 0.258, 0.563, 0.247, 0.589, 0.604, 0.255], [0.156, 0.394, 0.562, 0.109, 0.263, 0.294, 0.597, 0.219, 0.11, 0.472, 0.448, 0.493, 0.611, 0.088, 0.451, 0.561, 0.478, 0.56, 0.386, 0.47, 0.163, 0.493, 0.576, 0.271, 0.134, 0.049, 0.352, 0.378, 0.483, 0.519, 0.142, 0.506, 0.426, 0.037, 0.369, 0.362, 0.483, 0.487, 0.431, 0.429, 0.639, 0.437, 0.139, 0.573, 0.514, 0, 0.225, 0.568, 0.227, 0.282, 0.348, 0.186, 0.19, 0.465, 0.0, 0.51, 0.506, 0.487, 0.53, 0.208, 0.55, 0.373, 0.152, 0.583, 0.296, 0.517, 0.492, 0.28], [0.321, 0.102, 0.251, 0.193, 0.203, 0.221, 0.185, 0.303, 0.17, 0.211, 0.184, 0.051, 0.076, 0.0, 0.167, 0.087, 0.102, 0.07, 0.09, 0.246, 0.306, 0.223, 0.253, 0.175, 0.151, 0.0, 0.206, 0.223, 0.26, 0.323, 0.088, 0.322, 0.193, 0.173, 0.063, 0.031, 0.325, 0.047, 0.152, 0.125, 0.062, 0.288, 0.539, 0.243, 0.355, 0.225, 0, 0.277, 0.29, 0.31, 0.173, 0.231, 0.328, 0.345, 0.0, 0.167, 0.31, 0.334, 0.268, 0.397, 0.305, 0.276, 0.029, 0.185, 0.0, 0.089, 0.319, 0.039], [0.434, 0.334, 0.649, 0.178, 0.313, 0.469, 0.519, 0.396, 0.168, 0.41, 0.681, 0.334, 0.466, 0.14, 0.548, 0.485, 0.644, 0.528, 0.431, 0.66, 0.332, 0.542, 0.664, 0.201, 0.35, 0.125, 0.401, 0.309, 0.743, 0.796, 0.127, 0.823, 0.442, 0.166, 0.443, 0.256, 0.685, 0.387, 0.48, 0.409, 0.62, 0.602, 0.266, 0.471, 0.663, 0.568, 0.277, 0, 0.438, 0.573, 0.31, 0.142, 0.291, 0.729, 0.108, 0.517, 0.818, 0.753, 0.817, 0.357, 0.858, 0.36, 0.301, 0.732, 0.219, 0.547, 0.73, 0.194], [0.614, 0.083, 0.33, 0.3, 0.15, 0.511, 0.293, 0.363, 0.089, 0.164, 0.426, 0.1, 0.136, 0.045, 0.169, 0.148, 0.259, 0.147, 0.095, 0.469, 0.589, 0.219, 0.267, 0.138, 0.471, 0.0, 0.222, 0.073, 0.469, 0.46, 0.087, 0.535, 0.285, 0.151, 0.069, 0.041, 0.59, 0.108, 0.269, 0.095, 0.162, 0.477, 0.23, 0.137, 0.416, 0.227, 0.29, 0.438, 0, 0.388, 0.085, 0.113, 0.283, 0.53, 0.0, 0.199, 0.535, 0.52, 0.468, 0.285, 0.461, 0.181, 0.231, 0.37, 0.0, 0.165, 0.479, 0.052], [0.478, 0.139, 0.343, 0.175, 0.169, 0.417, 0.336, 0.379, 0.145, 0.198, 0.48, 0.062, 0.138, 0.165, 0.258, 0.169, 0.433, 0.229, 0.154, 0.476, 0.251, 0.299, 0.3, 0.085, 0.355, 0.139, 0.228, 0.135, 0.519, 0.56, 0.027, 0.56, 0.224, 0.175, 0.103, 0.057, 0.486, 0.128, 0.221, 0.138, 0.247, 0.494, 0.261, 0.232, 0.535, 0.282, 0.31, 0.573, 0.388, 0, 0.118, 0.105, 0.304, 0.598, 0.107, 0.202, 0.564, 0.591, 0.584, 0.321, 0.6, 0.182, 0.374, 0.428, 0.0, 0.207, 0.511, 0.024], [0.149, 0.236, 0.301, 0.045, 0.401, 0.217, 0.257, 0.149, 0.032, 0.249, 0.281, 0.259, 0.333, 0.063, 0.408, 0.322, 0.166, 0.467, 0.403, 0.174, 0.05, 0.354, 0.367, 0.454, 0.088, 0.0, 0.348, 0.258, 0.231, 0.257, 0.204, 0.314, 0.253, 0.0, 0.078, 0.173, 0.191, 0.306, 0.253, 0.366, 0.447, 0.139, 0.075, 0.306, 0.359, 0.348, 0.173, 0.31, 0.085, 0.118, 0, 0.107, 0.176, 0.192, 0.163, 0.352, 0.326, 0.213, 0.306, 0.263, 0.266, 0.186, 0.027, 0.191, 0.177, 0.398, 0.21, 0.183], [0.099, 0.063, 0.104, 0.12, 0.252, 0.161, 0.153, 0.177, 0.085, 0.048, 0.054, 0.063, 0.094, 0.0, 0.15, 0.086, 0.063, 0.035, 0.09, 0.029, 0.178, 0.158, 0.136, 0.173, 0.047, 0.0, 0.14, 0.207, 0.107, 0.137, 0.0, 0.123, 0.12, 0.143, 0.0, 0.0, 0.161, 0.058, 0.15, 0.154, 0.123, 0.062, 0.2, 0.0, 0.08, 0.186, 0.231, 0.142, 0.113, 0.105, 0.107, 0, 0.128, 0.098, 0.0, 0.038, 0.121, 0.118, 0.155, 0.188, 0.138, 0.062, 0.0, 0.081, 0.0, 0.073, 0.127, 0.098], [0.477, 0.094, 0.435, 0.627, 0.226, 0.453, 0.114, 0.252, 0.354, 0.228, 0.249, 0.019, 0.14, 0.051, 0.203, 0.077, 0.218, 0.114, 0.175, 0.296, 0.334, 0.189, 0.351, 0.156, 0.253, 0.0, 0.265, 0.145, 0.241, 0.356, 0.0, 0.404, 0.275, 0.171, 0.094, 0.023, 0.274, 0.087, 0.158, 0.092, 0.138, 0.354, 0.2, 0.219, 0.28, 0.19, 0.328, 0.291, 0.283, 0.304, 0.176, 0.128, 0, 0.374, 0.0, 0.338, 0.436, 0.39, 0.325, 0.281, 0.378, 0.186, 0.087, 0.242, 0.0, 0.143, 0.336, 0.117], [0.533, 0.356, 0.644, 0.205, 0.302, 0.512, 0.536, 0.447, 0.174, 0.399, 0.667, 0.334, 0.369, 0.145, 0.431, 0.428, 0.573, 0.385, 0.338, 0.791, 0.404, 0.465, 0.588, 0.193, 0.337, 0.129, 0.39, 0.248, 0.772, 0.865, 0.056, 0.801, 0.443, 0.147, 0.332, 0.238, 0.74, 0.329, 0.502, 0.282, 0.456, 0.686, 0.206, 0.413, 0.616, 0.465, 0.345, 0.729, 0.53, 0.598, 0.192, 0.098, 0.374, 0, 0.075, 0.418, 0.817, 0.952, 0.78, 0.337, 0.78, 0.351, 0.311, 0.705, 0.178, 0.452, 0.833, 0.167], [0.0, 0.0, 0.04, 0.0, 0.096, 0.049, 0.117, 0.068, 0.0, 0.218, 0.123, 0.0, 0.0, 0.516, 0.172, 0.132, 0.0, 0.159, 0.069, 0.089, 0.0, 0.06, 0.125, 0.0, 0.0, 0.0, 0.071, 0.0, 0.082, 0.07, 0.167, 0.094, 0.0, 0.0, 0.0, 0.0, 0.041, 0.089, 0.172, 0.0, 0.14, 0.095, 0.0, 0.132, 0.122, 0.0, 0.0, 0.108, 0.0, 0.107, 0.163, 0.0, 0.0, 0.075, 0, 0.0, 0.093, 0.072, 0.101, 0.072, 0.105, 0.095, 0.0, 0.082, 0.0, 0.168, 0.078, 0.0], [0.253, 0.58, 0.663, 0.236, 0.282, 0.339, 0.432, 0.175, 0.111, 0.514, 0.453, 0.498, 0.592, 0.089, 0.475, 0.533, 0.433, 0.538, 0.673, 0.398, 0.258, 0.488, 0.682, 0.228, 0.136, 0.199, 0.392, 0.382, 0.445, 0.47, 0.115, 0.506, 0.587, 0.038, 0.428, 0.345, 0.361, 0.491, 0.267, 0.596, 0.533, 0.425, 0.176, 0.499, 0.505, 0.51, 0.167, 0.517, 0.199, 0.202, 0.352, 0.038, 0.338, 0.418, 0.0, 0, 0.506, 0.449, 0.477, 0.148, 0.507, 0.442, 0.096, 0.475, 0.323, 0.551, 0.449, 0.36], [0.601, 0.312, 0.735, 0.322, 0.303, 0.601, 0.519, 0.432, 0.215, 0.398, 0.727, 0.321, 0.405, 0.12, 0.506, 0.458, 0.622, 0.52, 0.426, 0.684, 0.454, 0.486, 0.695, 0.196, 0.432, 0.107, 0.415, 0.264, 0.742, 0.859, 0.155, 0.961, 0.48, 0.142, 0.379, 0.251, 0.753, 0.322, 0.511, 0.342, 0.59, 0.647, 0.227, 0.439, 0.706, 0.506, 0.31, 0.818, 0.535, 0.564, 0.326, 0.121, 0.436, 0.817, 0.093, 0.506, 0, 0.848, 0.89, 0.359, 0.841, 0.326, 0.278, 0.725, 0.187, 0.525, 0.787, 0.193], [0.533, 0.355, 0.654, 0.228, 0.303, 0.512, 0.557, 0.469, 0.168, 0.394, 0.69, 0.344, 0.388, 0.14, 0.455, 0.45, 0.602, 0.413, 0.357, 0.785, 0.399, 0.496, 0.628, 0.187, 0.342, 0.125, 0.401, 0.263, 0.792, 0.879, 0.054, 0.83, 0.469, 0.118, 0.365, 0.256, 0.739, 0.348, 0.511, 0.315, 0.483, 0.705, 0.199, 0.428, 0.636, 0.487, 0.334, 0.753, 0.52, 0.591, 0.213, 0.118, 0.39, 0.952, 0.072, 0.449, 0.848, 0, 0.817, 0.342, 0.805, 0.35, 0.301, 0.736, 0.204, 0.481, 0.857, 0.194], [0.472, 0.322, 0.671, 0.231, 0.293, 0.563, 0.532, 0.432, 0.144, 0.413, 0.744, 0.351, 0.406, 0.131, 0.512, 0.487, 0.646, 0.553, 0.396, 0.653, 0.393, 0.5, 0.672, 0.161, 0.363, 0.088, 0.396, 0.278, 0.769, 0.839, 0.135, 0.889, 0.475, 0.111, 0.422, 0.227, 0.719, 0.343, 0.547, 0.374, 0.622, 0.64, 0.186, 0.427, 0.693, 0.53, 0.268, 0.817, 0.468, 0.584, 0.306, 0.155, 0.325, 0.78, 0.101, 0.477, 0.89, 0.817, 0, 0.305, 0.834, 0.337, 0.304, 0.725, 0.205, 0.551, 0.785, 0.166], [0.392, 0.103, 0.264, 0.177, 0.248, 0.232, 0.175, 0.29, 0.055, 0.156, 0.247, 0.062, 0.138, 0.0, 0.247, 0.141, 0.197, 0.159, 0.118, 0.219, 0.146, 0.284, 0.197, 0.171, 0.108, 0.0, 0.183, 0.136, 0.22, 0.33, 0.251, 0.335, 0.131, 0.234, 0.052, 0.076, 0.282, 0.153, 0.136, 0.135, 0.191, 0.214, 0.417, 0.184, 0.446, 0.208, 0.397, 0.357, 0.285, 0.321, 0.263, 0.188, 0.281, 0.337, 0.072, 0.148, 0.359, 0.342, 0.305, 0, 0.316, 0.163, 0.072, 0.194, 0.031, 0.181, 0.234, 0.064], [0.479, 0.333, 0.666, 0.259, 0.303, 0.516, 0.539, 0.419, 0.203, 0.428, 0.698, 0.313, 0.451, 0.136, 0.513, 0.456, 0.654, 0.528, 0.403, 0.7, 0.379, 0.518, 0.687, 0.167, 0.323, 0.121, 0.41, 0.31, 0.737, 0.851, 0.123, 0.843, 0.441, 0.138, 0.395, 0.26, 0.694, 0.365, 0.495, 0.396, 0.595, 0.668, 0.236, 0.47, 0.663, 0.55, 0.305, 0.858, 0.461, 0.6, 0.266, 0.138, 0.378, 0.78, 0.105, 0.507, 0.841, 0.805, 0.834, 0.316, 0, 0.349, 0.292, 0.756, 0.212, 0.542, 0.781, 0.204], [0.187, 0.493, 0.373, 0.182, 0.274, 0.224, 0.415, 0.212, 0.147, 0.518, 0.339, 0.384, 0.347, 0.147, 0.36, 0.431, 0.33, 0.271, 0.332, 0.392, 0.232, 0.36, 0.38, 0.113, 0.061, 0.329, 0.283, 0.39, 0.35, 0.358, 0.142, 0.32, 0.485, 0.186, 0.319, 0.268, 0.35, 0.33, 0.278, 0.336, 0.28, 0.432, 0.174, 0.356, 0.348, 0.373, 0.276, 0.36, 0.181, 0.182, 0.186, 0.062, 0.186, 0.351, 0.095, 0.442, 0.326, 0.35, 0.337, 0.163, 0.349, 0, 0.032, 0.328, 0.247, 0.399, 0.377, 0.34], [0.253, 0.064, 0.198, 0.061, 0.064, 0.279, 0.214, 0.135, 0.086, 0.048, 0.287, 0.032, 0.119, 0.086, 0.172, 0.066, 0.241, 0.141, 0.046, 0.252, 0.204, 0.201, 0.153, 0.0, 0.263, 0.0, 0.118, 0.07, 0.246, 0.291, 0.0, 0.271, 0.041, 0.0, 0.08, 0.079, 0.328, 0.089, 0.115, 0.052, 0.14, 0.221, 0.0, 0.11, 0.258, 0.152, 0.029, 0.301, 0.231, 0.374, 0.027, 0.0, 0.087, 0.311, 0.0, 0.096, 0.278, 0.301, 0.304, 0.072, 0.292, 0.032, 0, 0.247, 0.096, 0.112, 0.272, 0.0], [0.331, 0.38, 0.592, 0.146, 0.249, 0.346, 0.626, 0.233, 0.143, 0.413, 0.638, 0.368, 0.486, 0.127, 0.496, 0.528, 0.638, 0.555, 0.397, 0.68, 0.269, 0.483, 0.668, 0.196, 0.23, 0.142, 0.36, 0.273, 0.775, 0.763, 0.082, 0.74, 0.458, 0.0, 0.425, 0.305, 0.648, 0.374, 0.539, 0.388, 0.624, 0.615, 0.063, 0.414, 0.563, 0.583, 0.185, 0.732, 0.37, 0.428, 0.191, 0.081, 0.242, 0.705, 0.082, 0.475, 0.725, 0.736, 0.725, 0.194, 0.756, 0.328, 0.247, 0, 0.249, 0.547, 0.759, 0.202], [0.0, 0.25, 0.275, 0.0, 0.167, 0.085, 0.227, 0.0, 0.0, 0.252, 0.249, 0.333, 0.372, 0.112, 0.323, 0.37, 0.251, 0.367, 0.386, 0.212, 0.029, 0.287, 0.289, 0.0, 0.031, 0.125, 0.246, 0.456, 0.249, 0.227, 0.0, 0.189, 0.158, 0.0, 0.381, 0.612, 0.195, 0.424, 0.199, 0.544, 0.324, 0.185, 0.0, 0.342, 0.247, 0.296, 0.0, 0.219, 0.0, 0.0, 0.177, 0.0, 0.0, 0.178, 0.0, 0.323, 0.187, 0.204, 0.205, 0.031, 0.212, 0.247, 0.096, 0.249, 0, 0.34, 0.236, 0.258], [0.179, 0.437, 0.514, 0.031, 0.437, 0.347, 0.54, 0.205, 0.065, 0.526, 0.566, 0.567, 0.554, 0.174, 0.735, 0.742, 0.504, 0.677, 0.553, 0.441, 0.16, 0.618, 0.645, 0.267, 0.06, 0.049, 0.526, 0.355, 0.497, 0.517, 0.224, 0.525, 0.481, 0.0, 0.485, 0.416, 0.407, 0.525, 0.445, 0.502, 0.654, 0.439, 0.069, 0.454, 0.589, 0.517, 0.089, 0.547, 0.165, 0.207, 0.398, 0.073, 0.143, 0.452, 0.168, 0.551, 0.525, 0.481, 0.551, 0.181, 0.542, 0.399, 0.112, 0.547, 0.34, 0, 0.485, 0.326], [0.461, 0.36, 0.62, 0.203, 0.258, 0.488, 0.572, 0.355, 0.166, 0.382, 0.656, 0.371, 0.393, 0.151, 0.436, 0.492, 0.615, 0.433, 0.352, 0.762, 0.413, 0.464, 0.623, 0.186, 0.309, 0.135, 0.382, 0.283, 0.834, 0.828, 0.058, 0.784, 0.434, 0.102, 0.402, 0.248, 0.738, 0.354, 0.517, 0.339, 0.503, 0.704, 0.179, 0.415, 0.604, 0.492, 0.319, 0.73, 0.479, 0.511, 0.21, 0.127, 0.336, 0.833, 0.078, 0.449, 0.787, 0.857, 0.785, 0.234, 0.781, 0.377, 0.272, 0.759, 0.236, 0.485, 0, 0.174], [0.091, 0.43, 0.248, 0.041, 0.086, 0.132, 0.261, 0.06, 0.058, 0.358, 0.165, 0.387, 0.448, 0.115, 0.257, 0.324, 0.108, 0.26, 0.398, 0.218, 0.091, 0.269, 0.28, 0.118, 0.096, 0.129, 0.095, 0.377, 0.183, 0.188, 0.0, 0.195, 0.327, 0.0, 0.107, 0.369, 0.202, 0.518, 0.077, 0.246, 0.251, 0.149, 0.046, 0.353, 0.255, 0.28, 0.039, 0.194, 0.052, 0.024, 0.183, 0.098, 0.117, 0.167, 0.0, 0.36, 0.193, 0.194, 0.166, 0.064, 0.204, 0.34, 0.0, 0.202, 0.258, 0.326, 0.174, 0]]