[[0, 0.67, 0.169, 0.185, 0.174, 0.22, 0.185, 0.185, 0.183, 0.189, 0.251, 0.267, 0.251, 0.251, 0.258, 0.232, 0.216, 0.212, 0.214, 0.2, 0.214, 0.214, 0.212, 0.214, 0.214, 0.212, 0.237, 0.23, 0.196, 0.214, 0.237, 0.237, 0.237, 0.237, 0.237, 0.216, 0.228, 0.237, 0.237, 0.237, 0.237, 0.225, 0.207, 0.229, 0.237, 0.214, 0.219, 0.237, 0.222, 0.222, 0.222, 0.214, 0.212, 0.201, 0.196, 0.201, 0.219, 0.237, 0.237, 0.237, 0.203, 0.228, 0.267, 0.228, 0.221, 0.258, 0.211, 0.201, 0.198, 0.201, 0.237, 0.237, 0.237, 0.237, 0.237, 0.222, 0.219, 0.237, 0.237, 0.219, 0.237, 0.348, 0.309, 0.341, 0.228, 0.228, 0.228, 0.333, 0.222, 0.237, 0.237, 0.237, 0.274, 0.273, 0.286, 0.294, 0.333, 0.333, 0.246, 0.237, 0.219, 0.251, 0.308, 0.309, 0.333, 0.308, 0.308, 0.308, 0.321, 0.308, 0.308, 0.237, 0.232, 0.232, 0.281, 0.237, 0.237, 0.237, 0.237, 0.294, 0.237, 0.237, 0.294, 0.237, 0.237, 0.237, 0.308, 0.308, 0.308, 0.308, 0.308, 0.308, 0.308, 0.308, 0.308, 0.237, 0.281, 0.237, 0.237, 0.281, 0.281, 0.308, 0.308, 0.308, 0.308, 0.308, 0.308, 0.308, 0.308, 0.308, 0.205, 0.205, 0.201, 0.2, 0.205, 0.23, 0.228, 0.228, 0.237, 0.219, 0.246, 0.219, 0.237, 0.216, 0.232, 0.233, 0.237, 0.233, 0.233, 0.241, 0.237, 0.233, 0.241, 0.222, 0.222, 0.219, 0.219, 0.216, 0.237, 0.237, 0.237, 0.232, 0.237, 0.237, 0.237, 0.232, 0.232, 0.232, 0.237, 0.237, 0.237, 0.237, 0.232, 0.232, 0.237, 0.237, 0.308, 0.222, 0.222, 0.222, 0.222, 0.214, 0.222, 0.228, 0.232, 0.237, 0.228, 0.228, 0.237, 0.308], [0.67, 0, 0.334, 0.314, 0.311, 0.305, 0.299, 0.314, 0.309, 0.331, 0.276, 0.263, 0.276, 0.276, 0.254, 0.23, 0.213, 0.207, 0.21, 0.194, 0.21, 0.21, 0.207, 0.223, 0.21, 0.207, 0.232, 0.224, 0.19, 0.21, 0.236, 0.236, 0.236, 0.236, 0.236, 0.213, 0.226, 0.236, 0.236, 0.236, 0.236, 0.222, 0.203, 0.248, 0.236, 0.21, 0.215, 0.236, 0.218, 0.218, 0.218, 0.21, 0.249, 0.196, 0.19, 0.196, 0.215, 0.236, 0.236, 0.236, 0.198, 0.226, 0.226, 0.226, 0.198, 0.222, 0.19, 0.196, 0.192, 0.196, 0.236, 0.236, 0.236, 0.236, 0.236, 0.218, 0.215, 0.236, 0.236, 0.215, 0.236, 0.277, 0.263, 0.29, 0.226, 0.226, 0.226, 0.23, 0.218, 0.236, 0.236, 0.236, 0.296, 0.265, 0.303, 0.313, 0.326, 0.326, 0.268, 0.303, 0.241, 0.244, 0.303, 0.263, 0.326, 0.236, 0.236, 0.236, 0.265, 0.236, 0.236, 0.303, 0.276, 0.276, 0.276, 0.303, 0.303, 0.303, 0.303, 0.323, 0.236, 0.236, 0.323, 0.236, 0.236, 0.236, 0.236, 0.236, 0.236, 0.236, 0.236, 0.236, 0.236, 0.236, 0.303, 0.303, 0.326, 0.303, 0.303, 0.326, 0.326, 0.303, 0.303, 0.303, 0.303, 0.303, 0.303, 0.236, 0.303, 0.303, 0.275, 0.316, 0.302, 0.277, 0.316, 0.244, 0.302, 0.302, 0.236, 0.215, 0.215, 0.215, 0.236, 0.213, 0.23, 0.207, 0.21, 0.207, 0.207, 0.213, 0.21, 0.207, 0.213, 0.218, 0.218, 0.215, 0.215, 0.213, 0.236, 0.236, 0.236, 0.23, 0.236, 0.236, 0.236, 0.23, 0.23, 0.23, 0.236, 0.236, 0.236, 0.236, 0.23, 0.23, 0.236, 0.236, 0.236, 0.276, 0.276, 0.276, 0.276, 0.255, 0.276, 0.226, 0.23, 0.236, 0.226, 0.226, 0.236, 0.303], [0.169, 0.334, 0, 0.693, 0.696, 0.528, 0.574, 0.574, 0.65, 0.64, 0.362, 0.236, 0.362, 0.362, 0.328, 0.239, 0.262, 0.226, 0.227, 0.218, 0.227, 0.227, 0.226, 0.217, 0.227, 0.226, 0.227, 0.224, 0.216, 0.227, 0.242, 0.242, 0.242, 0.242, 0.242, 0.229, 0.289, 0.242, 0.242, 0.242, 0.242, 0.279, 0.249, 0.455, 0.337, 0.258, 0.23, 0.242, 0.232, 0.232, 0.232, 0.227, 0.286, 0.219, 0.216, 0.219, 0.23, 0.242, 0.242, 0.242, 0.22, 0.236, 0.236, 0.236, 0.22, 0.234, 0.216, 0.219, 0.217, 0.219, 0.242, 0.242, 0.242, 0.242, 0.242, 0.232, 0.23, 0.242, 0.242, 0.23, 0.242, 0.264, 0.236, 0.261, 0.236, 0.236, 0.236, 0.239, 0.232, 0.242, 0.242, 0.242, 0.306, 0.252, 0.292, 0.262, 0.239, 0.239, 0.306, 0.242, 0.267, 0.252, 0.242, 0.236, 0.239, 0.242, 0.242, 0.242, 0.281, 0.242, 0.242, 0.242, 0.239, 0.239, 0.239, 0.242, 0.242, 0.242, 0.242, 0.234, 0.242, 0.242, 0.234, 0.242, 0.242, 0.242, 0.242, 0.242, 0.242, 0.242, 0.242, 0.242, 0.242, 0.242, 0.242, 0.242, 0.239, 0.242, 0.242, 0.239, 0.239, 0.242, 0.242, 0.242, 0.242, 0.242, 0.242, 0.242, 0.242, 0.242, 0.394, 0.535, 0.54, 0.525, 0.498, 0.379, 0.41, 0.41, 0.337, 0.306, 0.267, 0.267, 0.242, 0.298, 0.239, 0.286, 0.292, 0.286, 0.286, 0.262, 0.292, 0.286, 0.262, 0.315, 0.272, 0.267, 0.267, 0.298, 0.337, 0.337, 0.337, 0.304, 0.337, 0.337, 0.242, 0.239, 0.239, 0.239, 0.242, 0.242, 0.242, 0.242, 0.239, 0.239, 0.242, 0.242, 0.242, 0.315, 0.315, 0.315, 0.272, 0.445, 0.362, 0.289, 0.304, 0.242, 0.289, 0.289, 0.242, 0.242], [0.185, 0.314, 0.693, 0, 0.574, 0.687, 0.751, 0.79, 0.894, 0.801, 0.394, 0.239, 0.394, 0.394, 0.352, 0.241, 0.233, 0.23, 0.232, 0.224, 0.232, 0.232, 0.23, 0.223, 0.232, 0.23, 0.232, 0.229, 0.222, 0.232, 0.244, 0.244, 0.244, 0.244, 0.244, 0.233, 0.239, 0.244, 0.244, 0.244, 0.244, 0.237, 0.228, 0.218, 0.244, 0.232, 0.234, 0.244, 0.236, 0.236, 0.236, 0.232, 0.304, 0.225, 0.222, 0.225, 0.234, 0.244, 0.244, 0.244, 0.226, 0.239, 0.239, 0.239, 0.226, 0.237, 0.222, 0.225, 0.223, 0.225, 0.244, 0.244, 0.244, 0.244, 0.244, 0.236, 0.234, 0.244, 0.244, 0.234, 0.244, 0.224, 0.239, 0.223, 0.239, 0.239, 0.239, 0.241, 0.236, 0.244, 0.244, 0.244, 0.278, 0.229, 0.31, 0.273, 0.241, 0.241, 0.326, 0.244, 0.234, 0.229, 0.244, 0.239, 0.241, 0.244, 0.244, 0.244, 0.337, 0.244, 0.244, 0.244, 0.241, 0.241, 0.241, 0.244, 0.244, 0.244, 0.244, 0.237, 0.244, 0.244, 0.237, 0.244, 0.244, 0.244, 0.244, 0.244, 0.244, 0.244, 0.244, 0.244, 0.244, 0.244, 0.244, 0.244, 0.241, 0.244, 0.244, 0.241, 0.241, 0.244, 0.244, 0.244, 0.244, 0.244, 0.244, 0.244, 0.244, 0.244, 0.29, 0.227, 0.225, 0.251, 0.227, 0.337, 0.452, 0.452, 0.359, 0.234, 0.234, 0.234, 0.244, 0.233, 0.241, 0.23, 0.232, 0.23, 0.23, 0.233, 0.232, 0.23, 0.233, 0.236, 0.236, 0.234, 0.234, 0.233, 0.244, 0.244, 0.244, 0.241, 0.244, 0.244, 0.244, 0.241, 0.241, 0.241, 0.244, 0.244, 0.244, 0.244, 0.241, 0.241, 0.244, 0.244, 0.244, 0.337, 0.337, 0.337, 0.394, 0.448, 0.394, 0.373, 0.32, 0.359, 0.373, 0.373, 0.244, 0.244], [0.174, 0.311, 0.696, 0.574, 0, 0.555, 0.604, 0.667, 0.624, 0.641, 0.322, 0.237, 0.322, 0.322, 0.335, 0.239, 0.266, 0.227, 0.229, 0.22, 0.229, 0.229, 0.227, 0.219, 0.229, 0.227, 0.229, 0.226, 0.218, 0.229, 0.243, 0.243, 0.243, 0.243, 0.243, 0.23, 0.237, 0.243, 0.243, 0.243, 0.243, 0.235, 0.225, 0.42, 0.243, 0.229, 0.232, 0.243, 0.233, 0.233, 0.233, 0.229, 0.258, 0.221, 0.218, 0.221, 0.232, 0.243, 0.243, 0.243, 0.222, 0.237, 0.237, 0.237, 0.222, 0.235, 0.218, 0.221, 0.219, 0.221, 0.243, 0.243, 0.243, 0.243, 0.243, 0.233, 0.232, 0.243, 0.243, 0.232, 0.243, 0.244, 0.237, 0.242, 0.237, 0.237, 0.237, 0.239, 0.233, 0.243, 0.243, 0.243, 0.27, 0.256, 0.262, 0.266, 0.239, 0.239, 0.356, 0.243, 0.232, 0.287, 0.243, 0.237, 0.239, 0.243, 0.243, 0.243, 0.32, 0.243, 0.243, 0.243, 0.239, 0.239, 0.239, 0.243, 0.243, 0.243, 0.243, 0.235, 0.243, 0.243, 0.235, 0.243, 0.243, 0.243, 0.243, 0.243, 0.243, 0.243, 0.243, 0.243, 0.243, 0.243, 0.243, 0.243, 0.239, 0.243, 0.243, 0.239, 0.239, 0.243, 0.243, 0.243, 0.243, 0.243, 0.243, 0.243, 0.243, 0.243, 0.407, 0.48, 0.491, 0.479, 0.48, 0.355, 0.355, 0.355, 0.344, 0.27, 0.312, 0.232, 0.243, 0.266, 0.309, 0.292, 0.297, 0.292, 0.292, 0.304, 0.297, 0.292, 0.304, 0.276, 0.276, 0.27, 0.232, 0.266, 0.243, 0.243, 0.243, 0.309, 0.243, 0.243, 0.344, 0.239, 0.239, 0.239, 0.243, 0.243, 0.243, 0.243, 0.239, 0.239, 0.243, 0.243, 0.243, 0.372, 0.372, 0.372, 0.372, 0.417, 0.372, 0.355, 0.309, 0.344, 0.355, 0.355, 0.344, 0.243], [0.22, 0.305, 0.528, 0.687, 0.555, 0, 0.723, 0.687, 0.641, 0.693, 0.281, 0.238, 0.281, 0.281, 0.289, 0.24, 0.232, 0.229, 0.231, 0.223, 0.231, 0.231, 0.229, 0.222, 0.231, 0.229, 0.231, 0.228, 0.221, 0.231, 0.243, 0.243, 0.243, 0.243, 0.243, 0.232, 0.238, 0.243, 0.243, 0.243, 0.243, 0.289, 0.227, 0.238, 0.243, 0.231, 0.233, 0.243, 0.235, 0.235, 0.235, 0.267, 0.229, 0.224, 0.246, 0.224, 0.233, 0.243, 0.243, 0.243, 0.225, 0.238, 0.367, 0.299, 0.283, 0.346, 0.271, 0.224, 0.247, 0.224, 0.243, 0.243, 0.243, 0.243, 0.243, 0.235, 0.233, 0.243, 0.243, 0.233, 0.243, 0.223, 0.238, 0.222, 0.238, 0.238, 0.238, 0.24, 0.235, 0.243, 0.243, 0.243, 0.321, 0.228, 0.347, 0.313, 0.24, 0.24, 0.423, 0.243, 0.233, 0.228, 0.243, 0.299, 0.24, 0.243, 0.243, 0.243, 0.295, 0.243, 0.243, 0.243, 0.24, 0.24, 0.24, 0.243, 0.243, 0.243, 0.243, 0.236, 0.243, 0.243, 0.236, 0.243, 0.243, 0.243, 0.243, 0.243, 0.243, 0.243, 0.243, 0.243, 0.243, 0.243, 0.243, 0.243, 0.24, 0.243, 0.243, 0.24, 0.24, 0.243, 0.243, 0.243, 0.243, 0.243, 0.243, 0.354, 0.243, 0.243, 0.255, 0.226, 0.224, 0.223, 0.226, 0.228, 0.238, 0.238, 0.243, 0.233, 0.233, 0.233, 0.243, 0.232, 0.24, 0.229, 0.231, 0.229, 0.229, 0.232, 0.231, 0.229, 0.232, 0.235, 0.235, 0.233, 0.233, 0.232, 0.243, 0.243, 0.243, 0.24, 0.243, 0.243, 0.243, 0.24, 0.24, 0.24, 0.243, 0.243, 0.243, 0.243, 0.24, 0.24, 0.243, 0.243, 0.243, 0.446, 0.446, 0.446, 0.332, 0.438, 0.509, 0.367, 0.402, 0.354, 0.299, 0.299, 0.243, 0.243], [0.185, 0.299, 0.574, 0.751, 0.604, 0.723, 0, 0.79, 0.775, 0.718, 0.284, 0.239, 0.284, 0.284, 0.237, 0.241, 0.233, 0.23, 0.232, 0.224, 0.232, 0.232, 0.23, 0.223, 0.232, 0.23, 0.232, 0.229, 0.222, 0.232, 0.244, 0.244, 0.244, 0.244, 0.244, 0.233, 0.239, 0.244, 0.244, 0.244, 0.244, 0.237, 0.228, 0.218, 0.244, 0.232, 0.234, 0.244, 0.236, 0.236, 0.236, 0.232, 0.266, 0.225, 0.222, 0.225, 0.234, 0.244, 0.244, 0.244, 0.226, 0.239, 0.239, 0.239, 0.226, 0.237, 0.222, 0.225, 0.223, 0.225, 0.244, 0.244, 0.244, 0.244, 0.244, 0.236, 0.234, 0.244, 0.244, 0.234, 0.244, 0.224, 0.239, 0.223, 0.239, 0.239, 0.239, 0.241, 0.236, 0.244, 0.244, 0.244, 0.278, 0.229, 0.31, 0.317, 0.241, 0.241, 0.432, 0.244, 0.234, 0.229, 0.244, 0.239, 0.241, 0.244, 0.244, 0.244, 0.337, 0.244, 0.244, 0.244, 0.241, 0.241, 0.241, 0.244, 0.244, 0.244, 0.244, 0.237, 0.244, 0.244, 0.237, 0.244, 0.244, 0.244, 0.244, 0.244, 0.244, 0.244, 0.244, 0.244, 0.244, 0.244, 0.244, 0.244, 0.241, 0.244, 0.244, 0.241, 0.241, 0.244, 0.244, 0.244, 0.244, 0.244, 0.244, 0.244, 0.244, 0.244, 0.29, 0.227, 0.225, 0.28, 0.227, 0.263, 0.302, 0.302, 0.244, 0.234, 0.234, 0.234, 0.244, 0.233, 0.32, 0.23, 0.232, 0.23, 0.23, 0.233, 0.232, 0.23, 0.233, 0.236, 0.236, 0.234, 0.234, 0.233, 0.244, 0.244, 0.244, 0.241, 0.244, 0.244, 0.244, 0.241, 0.241, 0.241, 0.244, 0.244, 0.244, 0.244, 0.241, 0.241, 0.244, 0.244, 0.244, 0.456, 0.456, 0.456, 0.522, 0.555, 0.456, 0.452, 0.41, 0.359, 0.452, 0.452, 0.359, 0.244], [0.185, 0.314, 0.574, 0.79, 0.667, 0.687, 0.79, 0, 0.814, 0.718, 0.337, 0.239, 0.337, 0.337, 0.292, 0.241, 0.233, 0.23, 0.232, 0.224, 0.232, 0.232, 0.23, 0.223, 0.232, 0.23, 0.232, 0.229, 0.222, 0.232, 0.244, 0.244, 0.244, 0.244, 0.244, 0.233, 0.239, 0.244, 0.244, 0.244, 0.244, 0.237, 0.228, 0.218, 0.244, 0.232, 0.234, 0.244, 0.236, 0.236, 0.236, 0.232, 0.304, 0.225, 0.222, 0.225, 0.234, 0.244, 0.244, 0.244, 0.226, 0.239, 0.239, 0.239, 0.226, 0.237, 0.222, 0.225, 0.223, 0.225, 0.244, 0.244, 0.244, 0.244, 0.244, 0.236, 0.234, 0.244, 0.244, 0.234, 0.244, 0.224, 0.239, 0.223, 0.239, 0.239, 0.239, 0.241, 0.236, 0.244, 0.244, 0.244, 0.278, 0.229, 0.31, 0.273, 0.241, 0.241, 0.432, 0.244, 0.234, 0.229, 0.244, 0.239, 0.241, 0.244, 0.244, 0.244, 0.377, 0.244, 0.244, 0.244, 0.241, 0.241, 0.241, 0.244, 0.244, 0.244, 0.244, 0.237, 0.244, 0.244, 0.237, 0.244, 0.244, 0.244, 0.244, 0.244, 0.244, 0.244, 0.244, 0.244, 0.244, 0.244, 0.244, 0.244, 0.241, 0.244, 0.244, 0.241, 0.241, 0.244, 0.244, 0.244, 0.244, 0.244, 0.244, 0.244, 0.244, 0.244, 0.258, 0.227, 0.225, 0.251, 0.227, 0.299, 0.373, 0.373, 0.244, 0.234, 0.234, 0.234, 0.244, 0.233, 0.32, 0.23, 0.232, 0.23, 0.23, 0.233, 0.232, 0.23, 0.233, 0.236, 0.236, 0.234, 0.234, 0.233, 0.244, 0.244, 0.244, 0.241, 0.244, 0.244, 0.244, 0.241, 0.241, 0.241, 0.244, 0.244, 0.244, 0.244, 0.241, 0.241, 0.244, 0.244, 0.244, 0.456, 0.456, 0.456, 0.456, 0.399, 0.394, 0.452, 0.32, 0.359, 0.373, 0.373, 0.359, 0.244], [0.183, 0.309, 0.65, 0.894, 0.624, 0.641, 0.775, 0.814, 0, 0.785, 0.39, 0.239, 0.39, 0.39, 0.349, 0.241, 0.232, 0.23, 0.231, 0.224, 0.231, 0.231, 0.23, 0.223, 0.231, 0.23, 0.231, 0.229, 0.222, 0.231, 0.243, 0.243, 0.243, 0.243, 0.243, 0.232, 0.239, 0.243, 0.243, 0.243, 0.243, 0.237, 0.228, 0.218, 0.243, 0.231, 0.234, 0.243, 0.235, 0.235, 0.235, 0.231, 0.302, 0.225, 0.222, 0.225, 0.234, 0.243, 0.243, 0.243, 0.226, 0.239, 0.239, 0.239, 0.226, 0.237, 0.222, 0.225, 0.223, 0.225, 0.243, 0.243, 0.243, 0.243, 0.243, 0.235, 0.234, 0.243, 0.243, 0.234, 0.243, 0.224, 0.239, 0.223, 0.239, 0.239, 0.239, 0.241, 0.235, 0.243, 0.243, 0.243, 0.277, 0.229, 0.268, 0.232, 0.241, 0.241, 0.323, 0.243, 0.234, 0.229, 0.243, 0.239, 0.241, 0.243, 0.243, 0.243, 0.334, 0.243, 0.243, 0.243, 0.241, 0.241, 0.241, 0.243, 0.243, 0.243, 0.243, 0.237, 0.243, 0.243, 0.237, 0.243, 0.243, 0.243, 0.243, 0.243, 0.243, 0.243, 0.243, 0.243, 0.243, 0.243, 0.243, 0.243, 0.241, 0.243, 0.243, 0.241, 0.241, 0.243, 0.243, 0.243, 0.243, 0.243, 0.243, 0.243, 0.243, 0.243, 0.288, 0.227, 0.225, 0.278, 0.227, 0.334, 0.447, 0.447, 0.356, 0.234, 0.234, 0.234, 0.243, 0.232, 0.318, 0.23, 0.231, 0.23, 0.23, 0.232, 0.231, 0.23, 0.232, 0.235, 0.235, 0.234, 0.234, 0.232, 0.243, 0.243, 0.243, 0.241, 0.243, 0.243, 0.243, 0.241, 0.241, 0.241, 0.243, 0.243, 0.243, 0.243, 0.241, 0.241, 0.243, 0.243, 0.243, 0.334, 0.334, 0.334, 0.515, 0.547, 0.451, 0.37, 0.241, 0.356, 0.447, 0.447, 0.356, 0.243], [0.189, 0.331, 0.64, 0.801, 0.641, 0.693, 0.718, 0.718, 0.785, 0, 0.407, 0.24, 0.407, 0.407, 0.361, 0.242, 0.234, 0.232, 0.233, 0.226, 0.233, 0.233, 0.232, 0.225, 0.233, 0.232, 0.233, 0.231, 0.224, 0.233, 0.244, 0.244, 0.244, 0.244, 0.244, 0.234, 0.24, 0.244, 0.244, 0.244, 0.244, 0.238, 0.23, 0.221, 0.244, 0.233, 0.235, 0.244, 0.237, 0.237, 0.237, 0.233, 0.311, 0.227, 0.224, 0.227, 0.235, 0.244, 0.244, 0.244, 0.228, 0.24, 0.24, 0.24, 0.228, 0.238, 0.224, 0.227, 0.225, 0.227, 0.244, 0.244, 0.244, 0.244, 0.244, 0.237, 0.235, 0.244, 0.244, 0.235, 0.244, 0.226, 0.24, 0.225, 0.24, 0.24, 0.24, 0.242, 0.237, 0.244, 0.244, 0.244, 0.282, 0.231, 0.273, 0.277, 0.242, 0.242, 0.282, 0.244, 0.235, 0.231, 0.244, 0.24, 0.242, 0.244, 0.244, 0.244, 0.305, 0.244, 0.244, 0.244, 0.242, 0.242, 0.242, 0.244, 0.244, 0.244, 0.244, 0.238, 0.244, 0.244, 0.238, 0.244, 0.244, 0.244, 0.244, 0.244, 0.244, 0.244, 0.244, 0.244, 0.244, 0.244, 0.244, 0.244, 0.242, 0.244, 0.244, 0.242, 0.242, 0.244, 0.244, 0.244, 0.244, 0.244, 0.244, 0.244, 0.244, 0.244, 0.261, 0.229, 0.227, 0.226, 0.229, 0.346, 0.469, 0.469, 0.368, 0.235, 0.235, 0.235, 0.244, 0.234, 0.242, 0.232, 0.233, 0.232, 0.232, 0.234, 0.233, 0.232, 0.234, 0.237, 0.237, 0.235, 0.235, 0.234, 0.244, 0.244, 0.244, 0.242, 0.244, 0.244, 0.244, 0.242, 0.242, 0.242, 0.244, 0.244, 0.244, 0.244, 0.242, 0.242, 0.244, 0.244, 0.244, 0.288, 0.288, 0.288, 0.345, 0.414, 0.407, 0.308, 0.326, 0.368, 0.308, 0.308, 0.244, 0.244], [0.251, 0.276, 0.362, 0.394, 0.322, 0.281, 0.284, 0.337, 0.39, 0.407, 0, 0.391, 1.0, 1.0, 0.896, 0.246, 0.243, 0.241, 0.242, 0.239, 0.242, 0.242, 0.241, 0.238, 0.242, 0.241, 0.242, 0.241, 0.238, 0.242, 0.247, 0.247, 0.247, 0.247, 0.247, 0.243, 0.245, 0.247, 0.247, 0.247, 0.247, 0.244, 0.241, 0.236, 0.247, 0.242, 0.243, 0.247, 0.244, 0.244, 0.244, 0.242, 0.414, 0.239, 0.238, 0.239, 0.243, 0.247, 0.247, 0.247, 0.24, 0.245, 0.245, 0.245, 0.24, 0.244, 0.238, 0.239, 0.238, 0.239, 0.247, 0.247, 0.247, 0.247, 0.247, 0.244, 0.243, 0.247, 0.247, 0.243, 0.247, 0.239, 0.245, 0.238, 0.245, 0.245, 0.245, 0.246, 0.244, 0.247, 0.247, 0.247, 0.243, 0.241, 0.242, 0.243, 0.246, 0.246, 0.243, 0.247, 0.243, 0.241, 0.247, 0.391, 0.246, 0.247, 0.247, 0.247, 0.241, 0.247, 0.247, 0.247, 0.246, 0.246, 0.246, 0.247, 0.247, 0.247, 0.247, 0.244, 0.247, 0.247, 0.244, 0.247, 0.247, 0.247, 0.247, 0.247, 0.247, 0.247, 0.247, 0.247, 0.247, 0.247, 0.247, 0.247, 0.246, 0.247, 0.247, 0.246, 0.246, 0.247, 0.247, 0.247, 0.247, 0.247, 0.247, 0.522, 0.247, 0.247, 0.24, 0.24, 0.239, 0.239, 0.24, 0.5, 0.786, 0.786, 0.522, 0.243, 0.243, 0.243, 0.247, 0.243, 0.246, 0.241, 0.242, 0.241, 0.241, 0.243, 0.242, 0.241, 0.243, 0.244, 0.244, 0.243, 0.243, 0.243, 0.247, 0.247, 0.247, 0.246, 0.247, 0.247, 0.247, 0.246, 0.246, 0.246, 0.247, 0.247, 0.247, 0.247, 0.246, 0.246, 0.247, 0.247, 0.247, 0.244, 0.244, 0.244, 0.244, 0.242, 0.244, 0.245, 0.246, 0.247, 0.245, 0.245, 0.247, 0.247], [0.267, 0.263, 0.236, 0.239, 0.237, 0.238, 0.239, 0.239, 0.239, 0.24, 0.391, 0, 0.391, 0.391, 0.411, 0.247, 0.244, 0.243, 0.244, 0.241, 0.244, 0.244, 0.243, 0.241, 0.244, 0.243, 0.244, 0.243, 0.241, 0.244, 0.248, 0.248, 0.248, 0.248, 0.248, 0.244, 0.246, 0.248, 0.248, 0.248, 0.248, 0.246, 0.243, 0.239, 0.248, 0.244, 0.245, 0.248, 0.245, 0.245, 0.245, 0.244, 0.243, 0.242, 0.241, 0.242, 0.245, 0.248, 0.248, 0.248, 0.242, 0.246, 0.246, 0.246, 0.242, 0.246, 0.241, 0.242, 0.241, 0.242, 0.248, 0.248, 0.248, 0.248, 0.248, 0.245, 0.245, 0.248, 0.248, 0.245, 0.248, 0.241, 0.246, 0.241, 0.246, 0.246, 0.246, 0.247, 0.245, 0.248, 0.248, 0.248, 0.245, 0.243, 0.244, 0.244, 0.247, 0.247, 0.245, 0.248, 0.245, 0.243, 0.248, 0.246, 0.247, 0.248, 0.248, 0.248, 0.243, 0.248, 0.248, 0.621, 0.493, 0.493, 0.824, 0.621, 0.621, 0.621, 0.621, 0.246, 0.248, 0.248, 0.246, 0.248, 0.248, 0.248, 0.248, 0.248, 0.248, 0.248, 0.248, 0.248, 0.248, 0.248, 0.248, 0.248, 0.247, 0.248, 0.248, 0.247, 0.247, 0.248, 0.248, 0.248, 0.248, 0.248, 0.248, 0.248, 0.248, 0.248, 0.242, 0.242, 0.242, 0.241, 0.242, 0.243, 0.246, 0.246, 0.248, 0.245, 0.245, 0.245, 0.248, 0.244, 0.247, 0.243, 0.244, 0.243, 0.243, 0.244, 0.244, 0.243, 0.244, 0.245, 0.245, 0.245, 0.245, 0.244, 0.248, 0.248, 0.248, 0.247, 0.248, 0.248, 0.248, 0.247, 0.247, 0.247, 0.248, 0.248, 0.248, 0.248, 0.247, 0.247, 0.248, 0.248, 0.621, 0.245, 0.245, 0.245, 0.245, 0.244, 0.245, 0.246, 0.247, 0.248, 0.246, 0.246, 0.248, 0.248], [0.251, 0.276, 0.362, 0.394, 0.322, 0.281, 0.284, 0.337, 0.39, 0.407, 1.0, 0.391, 0, 1.0, 0.896, 0.246, 0.243, 0.241, 0.242, 0.239, 0.242, 0.242, 0.241, 0.238, 0.242, 0.241, 0.242, 0.241, 0.238, 0.242, 0.247, 0.247, 0.247, 0.247, 0.247, 0.243, 0.245, 0.247, 0.247, 0.247, 0.247, 0.244, 0.241, 0.236, 0.247, 0.242, 0.243, 0.247, 0.244, 0.244, 0.244, 0.242, 0.414, 0.239, 0.238, 0.239, 0.243, 0.247, 0.247, 0.247, 0.24, 0.245, 0.245, 0.245, 0.24, 0.244, 0.238, 0.239, 0.238, 0.239, 0.247, 0.247, 0.247, 0.247, 0.247, 0.244, 0.243, 0.247, 0.247, 0.243, 0.247, 0.239, 0.245, 0.238, 0.245, 0.245, 0.245, 0.246, 0.244, 0.247, 0.247, 0.247, 0.243, 0.241, 0.242, 0.243, 0.246, 0.246, 0.243, 0.247, 0.243, 0.241, 0.247, 0.391, 0.246, 0.247, 0.247, 0.247, 0.241, 0.247, 0.247, 0.247, 0.246, 0.246, 0.246, 0.247, 0.247, 0.247, 0.247, 0.244, 0.247, 0.247, 0.244, 0.247, 0.247, 0.247, 0.247, 0.247, 0.247, 0.247, 0.247, 0.247, 0.247, 0.247, 0.247, 0.247, 0.246, 0.247, 0.247, 0.246, 0.246, 0.247, 0.247, 0.247, 0.247, 0.247, 0.247, 0.522, 0.247, 0.247, 0.24, 0.24, 0.239, 0.239, 0.24, 0.5, 0.786, 0.786, 0.522, 0.243, 0.243, 0.243, 0.247, 0.243, 0.246, 0.241, 0.242, 0.241, 0.241, 0.243, 0.242, 0.241, 0.243, 0.244, 0.244, 0.243, 0.243, 0.243, 0.247, 0.247, 0.247, 0.246, 0.247, 0.247, 0.247, 0.246, 0.246, 0.246, 0.247, 0.247, 0.247, 0.247, 0.246, 0.246, 0.247, 0.247, 0.247, 0.244, 0.244, 0.244, 0.244, 0.242, 0.244, 0.245, 0.246, 0.247, 0.245, 0.245, 0.247, 0.247], [0.251, 0.276, 0.362, 0.394, 0.322, 0.281, 0.284, 0.337, 0.39, 0.407, 1.0, 0.391, 1.0, 0, 0.896, 0.246, 0.243, 0.241, 0.242, 0.239, 0.242, 0.242, 0.241, 0.238, 0.242, 0.241, 0.242, 0.241, 0.238, 0.242, 0.247, 0.247, 0.247, 0.247, 0.247, 0.243, 0.245, 0.247, 0.247, 0.247, 0.247, 0.244, 0.241, 0.236, 0.247, 0.242, 0.243, 0.247, 0.244, 0.244, 0.244, 0.242, 0.414, 0.239, 0.238, 0.239, 0.243, 0.247, 0.247, 0.247, 0.24, 0.245, 0.245, 0.245, 0.24, 0.244, 0.238, 0.239, 0.238, 0.239, 0.247, 0.247, 0.247, 0.247, 0.247, 0.244, 0.243, 0.247, 0.247, 0.243, 0.247, 0.239, 0.245, 0.238, 0.245, 0.245, 0.245, 0.246, 0.244, 0.247, 0.247, 0.247, 0.243, 0.241, 0.242, 0.243, 0.246, 0.246, 0.243, 0.247, 0.243, 0.241, 0.247, 0.391, 0.246, 0.247, 0.247, 0.247, 0.241, 0.247, 0.247, 0.247, 0.246, 0.246, 0.246, 0.247, 0.247, 0.247, 0.247, 0.244, 0.247, 0.247, 0.244, 0.247, 0.247, 0.247, 0.247, 0.247, 0.247, 0.247, 0.247, 0.247, 0.247, 0.247, 0.247, 0.247, 0.246, 0.247, 0.247, 0.246, 0.246, 0.247, 0.247, 0.247, 0.247, 0.247, 0.247, 0.522, 0.247, 0.247, 0.24, 0.24, 0.239, 0.239, 0.24, 0.5, 0.786, 0.786, 0.522, 0.243, 0.243, 0.243, 0.247, 0.243, 0.246, 0.241, 0.242, 0.241, 0.241, 0.243, 0.242, 0.241, 0.243, 0.244, 0.244, 0.243, 0.243, 0.243, 0.247, 0.247, 0.247, 0.246, 0.247, 0.247, 0.247, 0.246, 0.246, 0.246, 0.247, 0.247, 0.247, 0.247, 0.246, 0.246, 0.247, 0.247, 0.247, 0.244, 0.244, 0.244, 0.244, 0.242, 0.244, 0.245, 0.246, 0.247, 0.245, 0.245, 0.247, 0.247], [0.258, 0.254, 0.328, 0.352, 0.335, 0.289, 0.237, 0.292, 0.349, 0.361, 0.896, 0.411, 0.896, 0.896, 0, 0.246, 0.243, 0.242, 0.243, 0.24, 0.243, 0.243, 0.242, 0.24, 0.243, 0.242, 0.243, 0.242, 0.239, 0.243, 0.248, 0.248, 0.248, 0.248, 0.248, 0.243, 0.246, 0.248, 0.248, 0.248, 0.248, 0.245, 0.242, 0.238, 0.248, 0.243, 0.244, 0.248, 0.244, 0.244, 0.244, 0.243, 0.333, 0.24, 0.239, 0.24, 0.244, 0.248, 0.248, 0.248, 0.241, 0.246, 0.246, 0.246, 0.241, 0.245, 0.239, 0.24, 0.24, 0.24, 0.248, 0.248, 0.248, 0.248, 0.248, 0.244, 0.244, 0.248, 0.248, 0.244, 0.248, 0.24, 0.246, 0.24, 0.246, 0.246, 0.246, 0.246, 0.244, 0.248, 0.248, 0.248, 0.244, 0.242, 0.243, 0.243, 0.246, 0.246, 0.244, 0.248, 0.244, 0.242, 0.248, 0.411, 0.246, 0.248, 0.248, 0.248, 0.242, 0.248, 0.248, 0.248, 0.246, 0.246, 0.246, 0.248, 0.248, 0.248, 0.248, 0.245, 0.248, 0.248, 0.245, 0.248, 0.248, 0.248, 0.248, 0.248, 0.248, 0.248, 0.248, 0.248, 0.248, 0.248, 0.248, 0.248, 0.246, 0.248, 0.248, 0.246, 0.246, 0.248, 0.248, 0.248, 0.248, 0.248, 0.248, 0.561, 0.248, 0.248, 0.241, 0.241, 0.24, 0.24, 0.241, 0.426, 0.619, 0.619, 0.561, 0.244, 0.244, 0.244, 0.248, 0.243, 0.246, 0.242, 0.243, 0.242, 0.242, 0.243, 0.243, 0.242, 0.243, 0.244, 0.244, 0.244, 0.244, 0.243, 0.248, 0.248, 0.248, 0.246, 0.248, 0.248, 0.248, 0.246, 0.246, 0.246, 0.248, 0.248, 0.248, 0.248, 0.246, 0.246, 0.248, 0.248, 0.248, 0.244, 0.244, 0.244, 0.244, 0.243, 0.244, 0.246, 0.246, 0.248, 0.246, 0.246, 0.248, 0.248], [0.232, 0.23, 0.239, 0.241, 0.239, 0.24, 0.241, 0.241, 0.241, 0.242, 0.246, 0.247, 0.246, 0.246, 0.246, 0, 0.245, 0.245, 0.245, 0.243, 0.245, 0.245, 0.245, 0.243, 0.245, 0.245, 0.245, 0.244, 0.242, 0.245, 0.248, 0.248, 0.248, 0.248, 0.248, 0.245, 0.247, 0.248, 0.248, 0.248, 0.248, 0.246, 0.244, 0.241, 0.248, 0.245, 0.246, 0.248, 0.246, 0.246, 0.246, 0.245, 0.245, 0.243, 0.242, 0.243, 0.246, 0.248, 0.248, 0.248, 0.244, 0.247, 0.247, 0.247, 0.244, 0.246, 0.242, 0.243, 0.243, 0.243, 0.248, 0.248, 0.248, 0.248, 0.248, 0.246, 0.246, 0.248, 0.248, 0.246, 0.248, 0.243, 0.247, 0.243, 0.247, 0.247, 0.247, 0.248, 0.246, 0.248, 0.248, 0.248, 0.246, 0.244, 0.245, 0.245, 0.248, 0.248, 0.246, 0.248, 0.246, 0.244, 0.248, 0.247, 0.248, 0.248, 0.248, 0.248, 0.244, 0.248, 0.248, 0.248, 0.248, 0.248, 0.248, 0.248, 0.248, 0.248, 0.248, 0.246, 0.248, 0.248, 0.246, 0.248, 0.248, 0.248, 0.248, 0.248, 0.248, 0.248, 0.248, 0.248, 0.248, 0.248, 0.248, 0.248, 0.248, 0.248, 0.248, 0.248, 0.248, 0.248, 0.248, 0.248, 0.248, 0.248, 0.248, 0.248, 0.248, 0.248, 0.244, 0.244, 0.243, 0.243, 0.244, 0.244, 0.247, 0.247, 0.248, 0.246, 0.246, 0.246, 0.248, 0.245, 0.248, 0.245, 0.245, 0.245, 0.245, 0.245, 0.245, 0.245, 0.245, 0.246, 0.246, 0.246, 0.246, 0.245, 0.248, 0.248, 0.248, 0.248, 0.248, 0.248, 0.248, 0.248, 0.248, 0.248, 0.248, 0.248, 0.248, 0.248, 0.248, 0.248, 0.248, 0.248, 0.248, 0.246, 0.246, 0.246, 0.246, 0.245, 0.246, 0.247, 0.248, 0.248, 0.247, 0.247, 0.248, 0.248], [0.216, 0.213, 0.262, 0.233, 0.266, 0.232, 0.233, 0.233, 0.232, 0.234, 0.243, 0.244, 0.243, 0.243, 0.243, 0.245, 0, 0.24, 0.24, 0.237, 0.24, 0.24, 0.24, 0.236, 0.24, 0.24, 0.24, 0.239, 0.236, 0.24, 0.247, 0.247, 0.247, 0.247, 0.247, 0.241, 0.366, 0.247, 0.247, 0.247, 0.247, 0.243, 0.239, 0.276, 0.247, 0.24, 0.242, 0.247, 0.243, 0.243, 0.243, 0.24, 0.24, 0.237, 0.236, 0.237, 0.242, 0.247, 0.247, 0.247, 0.238, 0.244, 0.244, 0.244, 0.238, 0.243, 0.236, 0.237, 0.236, 0.237, 0.247, 0.247, 0.247, 0.247, 0.247, 0.243, 0.242, 0.247, 0.247, 0.242, 0.247, 0.288, 0.244, 0.286, 0.244, 0.244, 0.244, 0.245, 0.243, 0.247, 0.247, 0.247, 0.242, 0.239, 0.24, 0.241, 0.245, 0.245, 0.242, 0.247, 0.325, 0.303, 0.247, 0.244, 0.245, 0.247, 0.247, 0.247, 0.239, 0.247, 0.247, 0.247, 0.245, 0.245, 0.245, 0.247, 0.247, 0.247, 0.247, 0.243, 0.247, 0.247, 0.243, 0.247, 0.247, 0.247, 0.247, 0.247, 0.247, 0.247, 0.247, 0.247, 0.247, 0.247, 0.247, 0.247, 0.245, 0.247, 0.247, 0.245, 0.245, 0.247, 0.247, 0.247, 0.247, 0.247, 0.247, 0.247, 0.247, 0.247, 0.238, 0.36, 0.349, 0.237, 0.296, 0.374, 0.244, 0.244, 0.247, 0.325, 0.325, 0.325, 0.247, 0.318, 0.245, 0.382, 0.393, 0.382, 0.382, 0.318, 0.393, 0.382, 0.318, 0.334, 0.243, 0.421, 0.325, 0.318, 0.473, 0.473, 0.473, 0.586, 0.473, 0.473, 0.473, 0.586, 0.586, 0.586, 0.473, 0.473, 0.473, 0.473, 0.586, 0.586, 0.473, 0.473, 0.247, 0.243, 0.243, 0.243, 0.243, 0.24, 0.243, 0.244, 0.245, 0.247, 0.244, 0.244, 0.247, 0.247], [0.212, 0.207, 0.226, 0.23, 0.227, 0.229, 0.23, 0.23, 0.23, 0.232, 0.241, 0.243, 0.241, 0.241, 0.242, 0.245, 0.24, 0, 0.942, 0.705, 0.942, 0.942, 1.0, 0.687, 0.942, 1.0, 0.829, 0.948, 0.424, 0.723, 0.442, 0.442, 0.442, 0.442, 0.442, 0.658, 0.349, 0.246, 0.246, 0.246, 0.246, 0.242, 0.237, 0.231, 0.246, 0.239, 0.241, 0.246, 0.241, 0.241, 0.241, 0.239, 0.238, 0.235, 0.234, 0.235, 0.241, 0.246, 0.246, 0.246, 0.236, 0.243, 0.243, 0.243, 0.236, 0.242, 0.234, 0.235, 0.234, 0.235, 0.246, 0.246, 0.246, 0.246, 0.246, 0.241, 0.241, 0.246, 0.246, 0.241, 0.246, 0.235, 0.243, 0.234, 0.243, 0.243, 0.243, 0.245, 0.241, 0.246, 0.246, 0.246, 0.241, 0.238, 0.239, 0.24, 0.245, 0.245, 0.241, 0.246, 0.241, 0.238, 0.246, 0.243, 0.245, 0.246, 0.246, 0.246, 0.238, 0.246, 0.246, 0.246, 0.245, 0.245, 0.245, 0.246, 0.246, 0.246, 0.246, 0.242, 0.246, 0.246, 0.242, 0.246, 0.246, 0.246, 0.246, 0.246, 0.246, 0.246, 0.246, 0.246, 0.246, 0.246, 0.246, 0.246, 0.245, 0.246, 0.246, 0.245, 0.245, 0.246, 0.246, 0.246, 0.246, 0.246, 0.246, 0.246, 0.246, 0.246, 0.237, 0.237, 0.235, 0.235, 0.237, 0.238, 0.243, 0.243, 0.246, 0.241, 0.241, 0.241, 0.246, 0.24, 0.245, 0.238, 0.239, 0.238, 0.238, 0.24, 0.239, 0.238, 0.24, 0.241, 0.241, 0.241, 0.241, 0.24, 0.246, 0.246, 0.246, 0.245, 0.246, 0.246, 0.246, 0.245, 0.245, 0.245, 0.246, 0.246, 0.246, 0.246, 0.245, 0.245, 0.246, 0.246, 0.246, 0.241, 0.241, 0.241, 0.241, 0.239, 0.241, 0.243, 0.245, 0.246, 0.243, 0.243, 0.246, 0.246], [0.214, 0.21, 0.227, 0.232, 0.229, 0.231, 0.232, 0.232, 0.231, 0.233, 0.242, 0.244, 0.242, 0.242, 0.243, 0.245, 0.24, 0.942, 0, 0.664, 0.877, 0.877, 0.942, 0.722, 0.877, 0.942, 0.761, 0.895, 0.381, 0.654, 0.456, 0.456, 0.456, 0.456, 0.456, 0.582, 0.357, 0.246, 0.246, 0.246, 0.246, 0.243, 0.238, 0.232, 0.246, 0.24, 0.241, 0.246, 0.242, 0.242, 0.242, 0.24, 0.239, 0.236, 0.235, 0.236, 0.241, 0.246, 0.246, 0.246, 0.237, 0.244, 0.244, 0.244, 0.237, 0.243, 0.235, 0.236, 0.235, 0.236, 0.246, 0.246, 0.246, 0.246, 0.246, 0.242, 0.241, 0.246, 0.246, 0.241, 0.246, 0.236, 0.244, 0.235, 0.244, 0.244, 0.244, 0.245, 0.242, 0.246, 0.246, 0.246, 0.241, 0.239, 0.24, 0.24, 0.245, 0.245, 0.241, 0.246, 0.241, 0.239, 0.246, 0.244, 0.245, 0.246, 0.246, 0.246, 0.239, 0.246, 0.246, 0.246, 0.245, 0.245, 0.245, 0.246, 0.246, 0.246, 0.246, 0.243, 0.246, 0.246, 0.243, 0.246, 0.246, 0.246, 0.246, 0.246, 0.246, 0.246, 0.246, 0.246, 0.246, 0.246, 0.246, 0.246, 0.245, 0.246, 0.246, 0.245, 0.245, 0.246, 0.246, 0.246, 0.246, 0.246, 0.246, 0.246, 0.246, 0.246, 0.237, 0.237, 0.236, 0.236, 0.237, 0.239, 0.244, 0.244, 0.246, 0.241, 0.241, 0.241, 0.246, 0.24, 0.245, 0.239, 0.24, 0.239, 0.239, 0.24, 0.24, 0.239, 0.24, 0.242, 0.242, 0.241, 0.241, 0.24, 0.246, 0.246, 0.246, 0.245, 0.246, 0.246, 0.246, 0.245, 0.245, 0.245, 0.246, 0.246, 0.246, 0.246, 0.245, 0.245, 0.246, 0.246, 0.246, 0.242, 0.242, 0.242, 0.242, 0.24, 0.242, 0.244, 0.245, 0.246, 0.244, 0.244, 0.246, 0.246], [0.2, 0.194, 0.218, 0.224, 0.22, 0.223, 0.224, 0.224, 0.224, 0.226, 0.239, 0.241, 0.239, 0.239, 0.24, 0.243, 0.237, 0.705, 0.664, 0, 0.664, 0.664, 0.705, 0.511, 0.664, 0.705, 0.59, 0.674, 0.455, 0.743, 0.393, 0.393, 0.393, 0.393, 0.393, 0.702, 0.322, 0.393, 0.393, 0.393, 0.393, 0.24, 0.233, 0.226, 0.245, 0.236, 0.238, 0.245, 0.444, 0.444, 0.444, 0.393, 0.235, 0.231, 0.229, 0.231, 0.238, 0.245, 0.245, 0.245, 0.232, 0.241, 0.241, 0.241, 0.232, 0.24, 0.229, 0.231, 0.229, 0.231, 0.245, 0.245, 0.245, 0.245, 0.245, 0.239, 0.238, 0.245, 0.245, 0.238, 0.245, 0.23, 0.241, 0.229, 0.519, 0.519, 0.519, 0.243, 0.239, 0.393, 0.393, 0.393, 0.238, 0.234, 0.236, 0.237, 0.243, 0.243, 0.238, 0.245, 0.238, 0.234, 0.245, 0.241, 0.243, 0.245, 0.245, 0.245, 0.234, 0.245, 0.245, 0.245, 0.243, 0.243, 0.243, 0.245, 0.245, 0.245, 0.245, 0.24, 0.245, 0.245, 0.24, 0.245, 0.245, 0.245, 0.245, 0.245, 0.245, 0.245, 0.245, 0.245, 0.245, 0.245, 0.245, 0.245, 0.243, 0.245, 0.245, 0.243, 0.243, 0.245, 0.245, 0.245, 0.245, 0.245, 0.245, 0.245, 0.245, 0.245, 0.232, 0.232, 0.231, 0.23, 0.232, 0.234, 0.241, 0.241, 0.245, 0.238, 0.238, 0.238, 0.245, 0.237, 0.243, 0.235, 0.236, 0.235, 0.235, 0.237, 0.236, 0.235, 0.237, 0.239, 0.239, 0.238, 0.238, 0.237, 0.245, 0.245, 0.245, 0.243, 0.245, 0.245, 0.245, 0.243, 0.243, 0.243, 0.245, 0.245, 0.245, 0.245, 0.243, 0.243, 0.245, 0.245, 0.245, 0.239, 0.239, 0.239, 0.239, 0.236, 0.239, 0.241, 0.243, 0.245, 0.241, 0.241, 0.245, 0.245], [0.214, 0.21, 0.227, 0.232, 0.229, 0.231, 0.232, 0.232, 0.231, 0.233, 0.242, 0.244, 0.242, 0.242, 0.243, 0.245, 0.24, 0.942, 0.877, 0.664, 0, 0.877, 0.942, 0.647, 1.0, 0.942, 0.761, 0.895, 0.438, 0.654, 0.456, 0.456, 0.456, 0.456, 0.456, 0.582, 0.357, 0.246, 0.246, 0.246, 0.246, 0.243, 0.238, 0.232, 0.246, 0.24, 0.241, 0.246, 0.242, 0.242, 0.242, 0.24, 0.239, 0.236, 0.235, 0.236, 0.241, 0.246, 0.246, 0.246, 0.237, 0.244, 0.244, 0.244, 0.237, 0.243, 0.235, 0.236, 0.235, 0.236, 0.246, 0.246, 0.246, 0.246, 0.246, 0.242, 0.241, 0.246, 0.246, 0.241, 0.246, 0.236, 0.244, 0.235, 0.244, 0.244, 0.244, 0.245, 0.242, 0.246, 0.246, 0.246, 0.241, 0.239, 0.24, 0.24, 0.245, 0.245, 0.241, 0.246, 0.241, 0.239, 0.246, 0.244, 0.245, 0.246, 0.246, 0.246, 0.239, 0.246, 0.246, 0.246, 0.245, 0.245, 0.245, 0.246, 0.246, 0.246, 0.246, 0.243, 0.246, 0.246, 0.243, 0.246, 0.246, 0.246, 0.246, 0.246, 0.246, 0.246, 0.246, 0.246, 0.246, 0.246, 0.246, 0.246, 0.245, 0.246, 0.246, 0.245, 0.245, 0.246, 0.246, 0.246, 0.246, 0.246, 0.246, 0.246, 0.246, 0.246, 0.237, 0.237, 0.236, 0.236, 0.237, 0.239, 0.244, 0.244, 0.246, 0.241, 0.241, 0.241, 0.246, 0.24, 0.245, 0.239, 0.24, 0.239, 0.239, 0.24, 0.24, 0.239, 0.24, 0.242, 0.242, 0.241, 0.241, 0.24, 0.246, 0.246, 0.246, 0.245, 0.246, 0.246, 0.246, 0.245, 0.245, 0.245, 0.246, 0.246, 0.246, 0.246, 0.245, 0.245, 0.246, 0.246, 0.246, 0.242, 0.242, 0.242, 0.242, 0.24, 0.242, 0.244, 0.245, 0.246, 0.244, 0.244, 0.246, 0.246], [0.214, 0.21, 0.227, 0.232, 0.229, 0.231, 0.232, 0.232, 0.231, 0.233, 0.242, 0.244, 0.242, 0.242, 0.243, 0.245, 0.24, 0.942, 0.877, 0.664, 0.877, 0, 0.942, 0.647, 0.877, 0.942, 0.761, 0.895, 0.438, 0.761, 0.456, 0.456, 0.456, 0.456, 0.456, 0.69, 0.357, 0.246, 0.246, 0.246, 0.246, 0.243, 0.238, 0.232, 0.246, 0.24, 0.241, 0.246, 0.242, 0.242, 0.242, 0.24, 0.239, 0.236, 0.235, 0.236, 0.241, 0.246, 0.246, 0.246, 0.237, 0.244, 0.244, 0.244, 0.237, 0.243, 0.235, 0.236, 0.235, 0.236, 0.246, 0.246, 0.246, 0.246, 0.246, 0.242, 0.241, 0.246, 0.246, 0.241, 0.246, 0.236, 0.244, 0.235, 0.244, 0.244, 0.244, 0.245, 0.242, 0.246, 0.246, 0.246, 0.241, 0.239, 0.24, 0.24, 0.245, 0.245, 0.241, 0.246, 0.241, 0.239, 0.246, 0.244, 0.245, 0.246, 0.246, 0.246, 0.239, 0.246, 0.246, 0.246, 0.245, 0.245, 0.245, 0.246, 0.246, 0.246, 0.246, 0.243, 0.246, 0.246, 0.243, 0.246, 0.246, 0.246, 0.246, 0.246, 0.246, 0.246, 0.246, 0.246, 0.246, 0.246, 0.246, 0.246, 0.245, 0.246, 0.246, 0.245, 0.245, 0.246, 0.246, 0.246, 0.246, 0.246, 0.246, 0.246, 0.246, 0.246, 0.237, 0.237, 0.236, 0.236, 0.237, 0.239, 0.244, 0.244, 0.246, 0.241, 0.241, 0.241, 0.246, 0.24, 0.245, 0.239, 0.24, 0.239, 0.239, 0.24, 0.24, 0.239, 0.24, 0.242, 0.242, 0.241, 0.241, 0.24, 0.246, 0.246, 0.246, 0.245, 0.246, 0.246, 0.246, 0.245, 0.245, 0.245, 0.246, 0.246, 0.246, 0.246, 0.245, 0.245, 0.246, 0.246, 0.246, 0.242, 0.242, 0.242, 0.242, 0.24, 0.242, 0.244, 0.245, 0.246, 0.244, 0.244, 0.246, 0.246], [0.212, 0.207, 0.226, 0.23, 0.227, 0.229, 0.23, 0.23, 0.23, 0.232, 0.241, 0.243, 0.241, 0.241, 0.242, 0.245, 0.24, 1.0, 0.942, 0.705, 0.942, 0.942, 0, 0.687, 0.942, 1.0, 0.829, 0.948, 0.424, 0.723, 0.442, 0.442, 0.442, 0.442, 0.442, 0.658, 0.349, 0.246, 0.246, 0.246, 0.246, 0.242, 0.237, 0.231, 0.246, 0.239, 0.241, 0.246, 0.241, 0.241, 0.241, 0.239, 0.238, 0.235, 0.234, 0.235, 0.241, 0.246, 0.246, 0.246, 0.236, 0.243, 0.243, 0.243, 0.236, 0.242, 0.234, 0.235, 0.234, 0.235, 0.246, 0.246, 0.246, 0.246, 0.246, 0.241, 0.241, 0.246, 0.246, 0.241, 0.246, 0.235, 0.243, 0.234, 0.243, 0.243, 0.243, 0.245, 0.241, 0.246, 0.246, 0.246, 0.241, 0.238, 0.239, 0.24, 0.245, 0.245, 0.241, 0.246, 0.241, 0.238, 0.246, 0.243, 0.245, 0.246, 0.246, 0.246, 0.238, 0.246, 0.246, 0.246, 0.245, 0.245, 0.245, 0.246, 0.246, 0.246, 0.246, 0.242, 0.246, 0.246, 0.242, 0.246, 0.246, 0.246, 0.246, 0.246, 0.246, 0.246, 0.246, 0.246, 0.246, 0.246, 0.246, 0.246, 0.245, 0.246, 0.246, 0.245, 0.245, 0.246, 0.246, 0.246, 0.246, 0.246, 0.246, 0.246, 0.246, 0.246, 0.237, 0.237, 0.235, 0.235, 0.237, 0.238, 0.243, 0.243, 0.246, 0.241, 0.241, 0.241, 0.246, 0.24, 0.245, 0.238, 0.239, 0.238, 0.238, 0.24, 0.239, 0.238, 0.24, 0.241, 0.241, 0.241, 0.241, 0.24, 0.246, 0.246, 0.246, 0.245, 0.246, 0.246, 0.246, 0.245, 0.245, 0.245, 0.246, 0.246, 0.246, 0.246, 0.245, 0.245, 0.246, 0.246, 0.246, 0.241, 0.241, 0.241, 0.241, 0.239, 0.241, 0.243, 0.245, 0.246, 0.243, 0.243, 0.246, 0.246], [0.214, 0.223, 0.217, 0.223, 0.219, 0.222, 0.223, 0.223, 0.223, 0.225, 0.238, 0.241, 0.238, 0.238, 0.24, 0.243, 0.236, 0.687, 0.722, 0.511, 0.647, 0.647, 0.687, 0, 0.647, 0.687, 0.576, 0.657, 0.489, 0.509, 0.388, 0.388, 0.388, 0.388, 0.388, 0.464, 0.319, 0.245, 0.245, 0.245, 0.245, 0.24, 0.459, 0.225, 0.245, 0.235, 0.237, 0.245, 0.238, 0.238, 0.238, 0.235, 0.234, 0.474, 0.405, 0.427, 0.644, 0.388, 0.388, 0.388, 0.39, 0.319, 0.241, 0.319, 0.347, 0.307, 0.328, 0.474, 0.332, 0.427, 0.388, 0.388, 0.388, 0.388, 0.388, 0.602, 0.644, 0.388, 0.388, 0.644, 0.388, 0.229, 0.241, 0.229, 0.241, 0.241, 0.241, 0.243, 0.238, 0.245, 0.245, 0.245, 0.237, 0.233, 0.235, 0.236, 0.243, 0.243, 0.237, 0.245, 0.237, 0.233, 0.245, 0.241, 0.243, 0.245, 0.245, 0.245, 0.233, 0.245, 0.245, 0.245, 0.243, 0.243, 0.243, 0.245, 0.245, 0.245, 0.245, 0.382, 0.245, 0.245, 0.382, 0.245, 0.245, 0.245, 0.245, 0.245, 0.245, 0.245, 0.245, 0.245, 0.245, 0.245, 0.388, 0.388, 0.34, 0.388, 0.388, 0.34, 0.34, 0.245, 0.245, 0.245, 0.245, 0.245, 0.245, 0.245, 0.245, 0.245, 0.232, 0.232, 0.23, 0.229, 0.232, 0.233, 0.241, 0.241, 0.245, 0.237, 0.237, 0.237, 0.245, 0.236, 0.243, 0.234, 0.235, 0.234, 0.234, 0.236, 0.235, 0.234, 0.236, 0.238, 0.238, 0.237, 0.237, 0.236, 0.245, 0.245, 0.245, 0.243, 0.245, 0.245, 0.245, 0.243, 0.243, 0.243, 0.245, 0.245, 0.245, 0.245, 0.243, 0.243, 0.245, 0.245, 0.245, 0.238, 0.238, 0.238, 0.238, 0.235, 0.238, 0.241, 0.243, 0.245, 0.241, 0.241, 0.245, 0.245], [0.214, 0.21, 0.227, 0.232, 0.229, 0.231, 0.232, 0.232, 0.231, 0.233, 0.242, 0.244, 0.242, 0.242, 0.243, 0.245, 0.24, 0.942, 0.877, 0.664, 1.0, 0.877, 0.942, 0.647, 0, 0.942, 0.761, 0.895, 0.438, 0.654, 0.456, 0.456, 0.456, 0.456, 0.456, 0.582, 0.357, 0.246, 0.246, 0.246, 0.246, 0.243, 0.238, 0.232, 0.246, 0.24, 0.241, 0.246, 0.242, 0.242, 0.242, 0.24, 0.239, 0.236, 0.235, 0.236, 0.241, 0.246, 0.246, 0.246, 0.237, 0.244, 0.244, 0.244, 0.237, 0.243, 0.235, 0.236, 0.235, 0.236, 0.246, 0.246, 0.246, 0.246, 0.246, 0.242, 0.241, 0.246, 0.246, 0.241, 0.246, 0.236, 0.244, 0.235, 0.244, 0.244, 0.244, 0.245, 0.242, 0.246, 0.246, 0.246, 0.241, 0.239, 0.24, 0.24, 0.245, 0.245, 0.241, 0.246, 0.241, 0.239, 0.246, 0.244, 0.245, 0.246, 0.246, 0.246, 0.239, 0.246, 0.246, 0.246, 0.245, 0.245, 0.245, 0.246, 0.246, 0.246, 0.246, 0.243, 0.246, 0.246, 0.243, 0.246, 0.246, 0.246, 0.246, 0.246, 0.246, 0.246, 0.246, 0.246, 0.246, 0.246, 0.246, 0.246, 0.245, 0.246, 0.246, 0.245, 0.245, 0.246, 0.246, 0.246, 0.246, 0.246, 0.246, 0.246, 0.246, 0.246, 0.237, 0.237, 0.236, 0.236, 0.237, 0.239, 0.244, 0.244, 0.246, 0.241, 0.241, 0.241, 0.246, 0.24, 0.245, 0.239, 0.24, 0.239, 0.239, 0.24, 0.24, 0.239, 0.24, 0.242, 0.242, 0.241, 0.241, 0.24, 0.246, 0.246, 0.246, 0.245, 0.246, 0.246, 0.246, 0.245, 0.245, 0.245, 0.246, 0.246, 0.246, 0.246, 0.245, 0.245, 0.246, 0.246, 0.246, 0.242, 0.242, 0.242, 0.242, 0.24, 0.242, 0.244, 0.245, 0.246, 0.244, 0.244, 0.246, 0.246], [0.212, 0.207, 0.226, 0.23, 0.227, 0.229, 0.23, 0.23, 0.23, 0.232, 0.241, 0.243, 0.241, 0.241, 0.242, 0.245, 0.24, 1.0, 0.942, 0.705, 0.942, 0.942, 1.0, 0.687, 0.942, 0, 0.829, 0.948, 0.424, 0.723, 0.442, 0.442, 0.442, 0.442, 0.442, 0.658, 0.349, 0.246, 0.246, 0.246, 0.246, 0.242, 0.237, 0.231, 0.246, 0.239, 0.241, 0.246, 0.241, 0.241, 0.241, 0.239, 0.238, 0.235, 0.234, 0.235, 0.241, 0.246, 0.246, 0.246, 0.236, 0.243, 0.243, 0.243, 0.236, 0.242, 0.234, 0.235, 0.234, 0.235, 0.246, 0.246, 0.246, 0.246, 0.246, 0.241, 0.241, 0.246, 0.246, 0.241, 0.246, 0.235, 0.243, 0.234, 0.243, 0.243, 0.243, 0.245, 0.241, 0.246, 0.246, 0.246, 0.241, 0.238, 0.239, 0.24, 0.245, 0.245, 0.241, 0.246, 0.241, 0.238, 0.246, 0.243, 0.245, 0.246, 0.246, 0.246, 0.238, 0.246, 0.246, 0.246, 0.245, 0.245, 0.245, 0.246, 0.246, 0.246, 0.246, 0.242, 0.246, 0.246, 0.242, 0.246, 0.246, 0.246, 0.246, 0.246, 0.246, 0.246, 0.246, 0.246, 0.246, 0.246, 0.246, 0.246, 0.245, 0.246, 0.246, 0.245, 0.245, 0.246, 0.246, 0.246, 0.246, 0.246, 0.246, 0.246, 0.246, 0.246, 0.237, 0.237, 0.235, 0.235, 0.237, 0.238, 0.243, 0.243, 0.246, 0.241, 0.241, 0.241, 0.246, 0.24, 0.245, 0.238, 0.239, 0.238, 0.238, 0.24, 0.239, 0.238, 0.24, 0.241, 0.241, 0.241, 0.241, 0.24, 0.246, 0.246, 0.246, 0.245, 0.246, 0.246, 0.246, 0.245, 0.245, 0.245, 0.246, 0.246, 0.246, 0.246, 0.245, 0.245, 0.246, 0.246, 0.246, 0.241, 0.241, 0.241, 0.241, 0.239, 0.241, 0.243, 0.245, 0.246, 0.243, 0.243, 0.246, 0.246], [0.237, 0.232, 0.227, 0.232, 0.229, 0.231, 0.232, 0.232, 0.231, 0.233, 0.242, 0.244, 0.242, 0.242, 0.243, 0.245, 0.24, 0.829, 0.761, 0.59, 0.761, 0.761, 0.829, 0.576, 0.761, 0.829, 0, 0.79, 0.381, 0.555, 0.456, 0.456, 0.456, 0.456, 0.456, 0.582, 0.357, 0.246, 0.246, 0.246, 0.246, 0.243, 0.238, 0.232, 0.246, 0.24, 0.241, 0.246, 0.242, 0.242, 0.242, 0.24, 0.239, 0.236, 0.235, 0.236, 0.241, 0.246, 0.246, 0.246, 0.237, 0.244, 0.244, 0.244, 0.237, 0.243, 0.235, 0.236, 0.235, 0.236, 0.246, 0.246, 0.246, 0.246, 0.246, 0.242, 0.241, 0.246, 0.246, 0.241, 0.246, 0.236, 0.244, 0.235, 0.244, 0.244, 0.244, 0.245, 0.242, 0.246, 0.246, 0.246, 0.241, 0.239, 0.24, 0.24, 0.245, 0.245, 0.241, 0.246, 0.241, 0.298, 0.246, 0.244, 0.245, 0.246, 0.246, 0.246, 0.239, 0.246, 0.246, 0.246, 0.245, 0.245, 0.245, 0.246, 0.246, 0.246, 0.246, 0.243, 0.246, 0.246, 0.243, 0.246, 0.246, 0.246, 0.246, 0.246, 0.246, 0.246, 0.246, 0.246, 0.246, 0.246, 0.246, 0.246, 0.245, 0.246, 0.246, 0.245, 0.245, 0.246, 0.246, 0.246, 0.246, 0.246, 0.246, 0.246, 0.246, 0.246, 0.237, 0.237, 0.236, 0.236, 0.237, 0.239, 0.244, 0.244, 0.246, 0.241, 0.241, 0.241, 0.246, 0.24, 0.245, 0.239, 0.24, 0.239, 0.239, 0.24, 0.24, 0.239, 0.24, 0.242, 0.242, 0.241, 0.241, 0.24, 0.246, 0.246, 0.246, 0.245, 0.246, 0.246, 0.246, 0.245, 0.245, 0.245, 0.246, 0.246, 0.246, 0.246, 0.245, 0.245, 0.246, 0.246, 0.246, 0.242, 0.242, 0.242, 0.242, 0.24, 0.242, 0.244, 0.245, 0.246, 0.244, 0.244, 0.246, 0.246], [0.23, 0.224, 0.224, 0.229, 0.226, 0.228, 0.229, 0.229, 0.229, 0.231, 0.241, 0.243, 0.241, 0.241, 0.242, 0.244, 0.239, 0.948, 0.895, 0.674, 0.895, 0.895, 0.948, 0.657, 0.895, 0.948, 0.79, 0, 0.412, 0.692, 0.431, 0.431, 0.431, 0.431, 0.431, 0.631, 0.343, 0.246, 0.246, 0.246, 0.246, 0.242, 0.236, 0.23, 0.246, 0.239, 0.24, 0.246, 0.241, 0.241, 0.241, 0.239, 0.238, 0.235, 0.233, 0.235, 0.24, 0.246, 0.246, 0.246, 0.235, 0.243, 0.243, 0.243, 0.235, 0.242, 0.233, 0.235, 0.233, 0.235, 0.246, 0.246, 0.246, 0.246, 0.246, 0.241, 0.24, 0.246, 0.246, 0.24, 0.246, 0.234, 0.243, 0.233, 0.243, 0.243, 0.243, 0.244, 0.241, 0.246, 0.246, 0.246, 0.24, 0.237, 0.239, 0.239, 0.369, 0.369, 0.24, 0.246, 0.